user_id,std ordered,std num,std dow,std hod,std dspo,std aisle,std dep
183213.0,0.5040669445356469,5.338539126015656,1.7822655773580143,1.1659661762602749,10.099868956633866,35.728606652559705,6.594058628447454
51522.0,0.4846951169115777,9.092121131323903,1.7960530202677492,5.023172111775201,7.789249886420608,37.223405279113095,5.293315815542352
106239.0,0.4935686185111872,5.04975246918104,1.3228756555322954,1.5387160422974506,11.340010288061176,35.853445434846975,4.737239854751016
140560.0,0.4931664221888231,2.7386127875258306,2.1473497877875207,3.2015621187164247,4.949747468305833,35.10799920712676,6.52118487759186
100814.0,0.5104177855340405,2.7386127875258306,1.5,2.449489742783178,9.93460762040598,38.17924233735585,6.454033270331464
154365.0,0.4833039378831849,12.556538801224908,2.2296203908930683,4.292851200376205,6.64846528097534,37.02511213256843,6.474718583383996
94588.0,0.4454820798513586,16.59819267269783,2.021500968442393,4.992914779463741,2.6440327325714197,40.62895699863896,6.0784349452422015
56744.0,0.5003318336875459,8.803408430829506,2.318342650187448,2.478644420024692,7.167764455577513,37.9820677496898,6.615109904481343
142367.0,0.4814377064012163,1.5811388300841898,1.224744871391589,5.683308895353129,6.8068592855540455,35.23647087170622,6.4125273800255345
96873.0,0.4917473702934021,2.160246899469287,0.3779644730092273,2.63673679998231,8.264381404557755,37.97468792599781,6.127855031530153
6628.0,0.4642336991640452,6.4935865795927175,1.305996824509044,4.475280832320863,8.936282384590521,40.529164693228495,5.635069715202036
50123.0,0.38516867167740254,17.175564037317667,1.9322238968632963,4.026141927379592,4.674265699616465,42.08320215641674,5.791699129084945
158954.0,0.4981167541368986,2.7386127875258306,1.855921454276674,3.6742346141747673,11.262294868910407,31.767651976833477,6.506552641201582
62410.0,0.456782127859628,1.2909944487358056,0.5,2.0615528128088303,8.082903768654761,40.42593347791706,7.0891125566521165
7332.0,0.4299591432506872,2.160246899469287,0.7559289460184544,2.911389784311005,9.872520785831076,38.944461129043475,5.9684319926700855
162675.0,0.4574770464643833,12.84523257866513,2.3205124461387814,2.5596478351853658,7.207569541339488,33.0110248199696,5.776654803905988
89979.0,0.4593396431851038,2.160246899469287,3.2071349029490928,2.0586634591635518,12.43650540411842,36.4386036506221,5.905147456957662
172652.0,0.4897707518912285,10.535653752852738,1.5147423690002353,7.402702209328697,5.078708232506015,36.80391113135206,4.974324319847309
63727.0,0.3799295085084141,3.6055512754639887,2.1933093855190737,3.9571569224748857,10.018165319240662,37.60234859311728,5.663213529475838
136381.0,0.4444566382094698,2.449489742783178,1.6903085094570331,5.606119105813881,9.281317640446165,33.34237972482297,5.333796748574323
184481.0,0.32525293801011346,2.7386127875258306,2.0,4.1466184348749096,10.911985546701779,37.601717918355526,6.546428140064994
174128.0,0.3974012879220731,9.958246164193103,1.6517154697071394,2.622404497325609,4.154223845386254,35.34350663896356,6.526462406117233
187647.0,0.16903085094570333,2.449489742783178,1.035098339013531,1.7268882005337975,9.86093784779598,37.61025384514043,5.7074395581697095
54700.0,0.4997409422127272,11.113055385446437,1.89650423338695,3.6664834645382727,8.14526521025223,38.03334693929313,6.0681488039221705
74869.0,0.4836278924088513,5.04975246918104,1.2718675476729209,3.5789416772855867,10.064583117711996,38.9890044688349,5.3385179458331695
92686.0,0.492599922573402,7.071067811865476,1.6939791077198396,5.0876377594139415,8.457753652001497,37.85724492647781,5.410486529507426
155635.0,0.30824714405244397,1.8708286933869709,2.3380903889000244,1.0488088481701516,10.478549517943788,38.88875262292274,6.109409821839595
119416.0,0.4957981578625816,4.183300132670378,2.1636355241395626,4.164871408117404,8.98717034272917,39.18808468618159,6.395333593661213
76795.0,0.21320071635561044,1.2909944487358056,3.2015621187164243,2.5,11.239810200058244,36.56312219657814,6.037186351904259
35137.0,0.4688031358190117,2.7386127875258306,1.8708286933869709,2.554951619459316,9.680613912055666,34.55632560964258,6.3616012111708145
187464.0,0.4981929828853959,4.183300132670378,1.8471837786446461,5.329268139350741,7.388487232833498,34.8585080635357,2.9864955791287966
46852.0,0.450282218393909,9.38083151964686,1.9176598642195932,3.8599473504682797,9.543561698468404,35.589273978806744,5.864468299687985
97963.0,0.3360107525161235,2.160246899469287,2.340126166724879,3.532165125838609,6.97614984548545,34.36951014363207,4.246847570341356
160684.0,0.5015698625755192,4.47213595499958,1.6846647257229663,3.3988793671416118,5.1269595556932455,40.026354954068594,7.03956813167679
174175.0,0.5010191595238033,7.071067811865476,1.9555754555421376,2.0,8.875066107864908,35.71133881399515,5.648374248636602
159509.0,0.4686233489032047,2.7386127875258306,1.3228756555322954,5.5901699437494745,2.0310096011589898,31.648595757874908,6.356760445489867
194586.0,0.503031529027945,3.3166247903554,2.969542358374741,1.2933395813657265,10.349986580774981,41.020666447018826,6.204989439104142
94909.0,0.4362480400245778,7.071067811865476,2.21285768418007,3.110291472431203,9.7553066535675,40.45922600346646,5.84598738300764
168326.0,0.30583887092059825,1.5811388300841898,2.345207879911715,3.271085446759225,14.150971698084906,40.06935715311449,6.035614876254193
105357.0,0.5008131889752443,9.669539802906858,2.304064261519656,4.5740953733878875,6.1190309953930315,39.36832506362213,5.473914162985773
44671.0,0.4862987625796373,6.782329983125267,1.0576280419404611,3.95977801110532,9.342103177277151,38.9404754359484,6.60398816610278
135770.0,0.4164867717169258,11.113055385446437,2.136354694286708,4.266129129842336,6.269593910917023,39.22810551498864,5.686620440644852
14832.0,0.4696682183138622,1.2909944487358056,3.2015621187164243,2.449489742783178,12.055427546683413,36.68818239260058,5.009082659620331
2531.0,0.4959248630656852,18.33030277982336,2.0516874525545523,2.3035180912070508,4.992961730570368,37.84948314537606,5.725654398421247
122101.0,0.4442007797087817,14.288690166235206,2.1211199069981745,3.7839169138452737,5.998189738733177,38.6590292423134,6.012354542806602
144697.0,0.3932279358948195,14.577379737113251,2.0041793068180183,3.757984696561688,2.186072177359625,37.459857260421785,6.177880632180253
134175.0,0.4431750171019092,4.183300132670378,2.4950500446433383,4.103737240694065,8.024801299560998,38.146487014464576,5.971720035787883
42375.0,0.5025189076296063,5.04975246918104,1.6781467369059941,4.653430107426766,6.587867636800241,39.25544548212388,6.357934675138879
18480.0,0.502313755995161,2.7386127875258306,1.9220937657784658,3.5355339059327378,8.854982455415385,30.599461740748467,5.635670706644019
48116.0,0.501511455604424,4.183300132670378,1.2157392722216298,4.48685503798241,3.305007855221666,39.364043904060246,7.355217964600266
114398.0,0.4579642263570371,9.092121131323903,2.574064189489629,3.3900550317479468,6.2957749014077224,35.143371818071834,5.813136141230968
38886.0,0.27565116549055635,21.794494717703373,1.6939744831459391,2.2543651350573533,2.707511456951273,42.3363953398299,5.527192555887441
78063.0,0.5006770483805584,1.8708286933869709,1.760681686165901,3.3911649915626336,11.113055385446437,32.66315689246553,5.711056085888286
17279.0,0.4803844614152614,1.5811388300841898,1.949358868961793,3.8470768123342687,8.770214744615247,44.71321104360618,5.911106196862668
200783.0,0.3992460095844358,8.514693182963201,1.0724953638215502,7.996766587944715,7.358812159724991,38.67868419376964,5.958504307702197
193015.0,0.4407058528832101,7.937253933193773,1.887883090687176,4.0544723995541565,8.617067143398973,39.53484990026232,6.533042815532785
72609.0,0.501870563958991,3.894440481849308,2.19848432637882,2.712742958515303,7.937253933193773,35.54805373425927,6.779393003177012
123959.0,0.487602796368058,9.669539802906858,1.8728523053288957,3.9297813957244254,7.17943973013979,39.94209960651095,6.229630017540401
143449.0,0.386243639668214,1.8708286933869709,0.8366600265340756,5.636192568273964,7.155417527999327,35.31038324179646,5.982758793213861
166429.0,0.4889190056519236,2.160246899469287,1.914854215512676,2.6457513110645907,4.88535225614967,32.97537559677721,5.987889179415905
18205.0,0.5007825005079547,8.803408430829506,2.7841918285080567,4.256705325704971,8.270667499464567,38.871945093649295,6.283480973143092
17219.0,0.4880207487471505,2.7386127875258306,1.833333333333333,3.464101615137755,9.74587824965728,39.26532834260039,6.383476206026495
52185.0,0.4992663238894529,3.3166247903554,2.8025961989814823,2.8730724763822884,8.498365855987974,35.504218128984256,6.367300528191478
109530.0,0.5011167439390461,2.7386127875258306,2.242270674512285,3.811532208676424,3.48209706929603,37.67652515751957,5.9859042949508074
190029.0,0.4577236462626738,9.38083151964686,1.5657627225176254,4.4937232210158164,3.6213227548264255,38.70782175698655,5.484987373642127
131827.0,0.4956905524194546,3.894440481849308,1.8045526471705549,2.097006413303473,5.350587619952399,32.61637647232441,6.152321824302369
57945.0,0.4915074349923198,2.449489742783178,1.2817398889233114,2.2320714274285347,9.737018219636019,40.75195134544528,6.759722342955081
26930.0,0.49029033784546,2.160246899469287,1.7994708216848745,2.7342623276105886,10.59087657687817,36.76703338032242,6.391851784167812
126406.0,0.4290720962988923,4.760952285695233,0.7041543391425871,1.1672617529928753,6.841748592978537,33.101658269938376,5.776039937763361
167625.0,0.4772715002291068,2.449489742783178,1.8322507626258089,2.8504385627478452,13.176458083227358,32.505635606058306,4.840980908229876
23301.0,0.3577999549095374,13.711309200802088,2.0666507514332535,5.172777959896083,5.00767526844572,31.84460128337795,6.026076544476432
153365.0,0.4923750067002167,2.449489742783178,2.3754698783308417,2.167124493754009,8.205689083394114,35.49004459431014,6.590159640071906
98016.0,0.4953375611811674,7.071067811865476,1.017954755408103,2.2506037837221253,7.817331509969299,38.55462876188095,6.170746148404082
138053.0,0.4917138941797933,3.894440481849308,1.7134460703206962,4.132423390327167,9.653072991634227,38.81893313575309,6.6295921848416475
149718.0,0.43495883620084,2.160246899469287,1.4638501094227998,2.8115408417381924,11.843422928641308,40.906445721760065,6.266037624625911
175754.0,0.4992905726093577,3.027650354097492,1.7763883459298968,3.3349995835415367,3.7230513172814463,36.31782894741304,5.79131628063043
148713.0,0.4695334480544923,2.160246899469287,2.225394561056748,3.4364987719368982,9.892758294159755,36.61783235335624,5.198851914075818
49596.0,0.4738035414793426,6.782329983125267,2.6164574910308667,2.8333139579280173,9.058730929915408,36.746586984530346,6.563603109640755
81828.0,0.465128351517346,26.990739152531557,1.4010114559057836,2.052490249071574,3.936063307692037,39.21786944565376,5.5437903767045835
74591.0,0.4997261024171351,7.071067811865476,1.8172881532338396,3.8275791721191834,9.764823534305496,37.40863020794918,5.9892740385435665
148587.0,0.4731602234073838,1.8708286933869709,2.4832774042918904,2.2583179581272432,10.014988766843423,36.813658532472076,6.803742285750474
76440.0,0.16899482177531733,1.2909944487358056,2.8867513459481287,4.123105625617661,10.392304845413264,35.51209016895865,5.816701106244406
177753.0,0.4866642633922876,4.760952285695233,2.04939015319192,3.2634337744161432,9.455660939856283,39.72831462635745,6.15200578195786
92322.0,0.4869847535576741,2.160246899469287,1.2535663410560176,3.866830866792722,9.115920140062656,23.4032964711018,6.524678426668135
93381.0,0.4970085953579162,2.449489742783178,2.7774602993176543,1.5059406173077154,10.244626930854091,40.7088097119122,5.722022661645143
12022.0,0.4417883538270328,8.514693182963201,1.7440963050193836,7.680825078832718,3.2415947476414297,39.578835145928466,6.624028054466973
52302.0,0.4772070903045686,11.113055385446437,1.81995419885158,5.553374789305856,6.444612713967617,33.967529754379,5.826787571317373
205118.0,0.4967828018577399,4.183300132670378,1.8337495365063805,3.8179736873010373,5.893281702987669,39.46057216369136,6.04743311090995
28435.0,0.5007682105235448,2.7386127875258306,1.5811388300841898,3.126943839882286,3.8544964466377256,36.548846518299065,6.5077248597711055
10457.0,0.4916177168691567,2.7386127875258306,1.6414763002993509,5.338539126015656,5.5533130394644346,36.62812619202817,6.240114132789872
145449.0,0.5016313257045503,3.027650354097492,2.359378449224852,4.201851443775179,6.9181725268390855,28.74116465028071,7.632466538056059
60752.0,0.5003051571843429,2.7386127875258306,2.351122663277648,2.297341458681704,7.066015244009273,40.01905034160485,5.950814660359639
153940.0,0.4342769752451427,1.2909944487358056,3.2015621187164243,3.3166247903554,0.0,37.50592422750663,7.312590213923267
139010.0,0.4148511169990534,1.2909944487358056,1.8929694486000912,4.0414518843273814,5.0,38.278526800741524,7.335326682831492
150831.0,0.3755338080994054,1.2909944487358056,2.449489742783178,1.707825127659933,13.576941236277534,41.51582392731279,5.5579590760376325
171994.0,0.4808932086707973,3.6055512754639887,1.3568010505999362,3.570714214271425,9.17605579756357,39.79740899715204,6.081367662462788
127706.0,0.489143420593299,2.449489742783178,2.065879266282796,4.454131308603925,8.280786712108249,43.567391035998476,6.620656420391034
189615.0,0.5012300141587651,1.8708286933869709,2.250925735484551,8.424171571535487,3.6331804249169903,36.66019226585831,7.501010032998991
62940.0,0.30779350562554625,1.8708286933869709,2.3380903889000244,2.943920288775949,7.700649323271383,38.409557634097524,5.706606651691018
93690.0,0.4997039142276038,6.782329983125267,1.6370222653443665,3.906010368143873,9.569522327460113,37.930472138972,5.282076859176566
182952.0,0.4548285496587295,6.782329983125267,2.124578544581221,3.316028864595427,8.421267655035606,40.47877992148014,7.192045531385275
87614.0,0.4751673096136098,5.04975246918104,1.810914621042605,6.561922243474983,5.239274758971894,33.8922624814301,6.551136071018388
86960.0,0.4886301323036956,20.639767440550294,1.989003977101492,3.1470979254088483,1.930253847861536,37.46140928230505,6.1889159980872535
99100.0,0.4615215208036402,2.160246899469287,1.8644544714716087,2.760262237369417,7.713624310270755,34.00439566778364,7.1058055924912225
204156.0,0.26688025634181195,2.7386127875258306,1.7159383568311666,2.5055493963954847,12.477837495793436,26.67976761517986,4.822516632077765
64639.0,0.4723426401682542,3.894440481849308,2.657837949180229,5.437288162687588,9.839238083337856,38.72967051349345,6.731245593528001
72120.0,0.4884514853188866,2.449489742783178,2.5599944196367748,5.548487567410986,10.286375640113663,36.97201970852147,5.855602826742524
150579.0,0.4260437117785937,20.639767440550294,1.95513048446072,3.425375774301416,4.1091726913138285,37.18632345276554,5.799075940868148
88526.0,0.4657613535319741,4.47213595499958,2.449489742783178,4.763951940903486,7.68364897288141,36.649205799229634,7.183921642023259
80006.0,0.4013446531665836,16.59819267269783,1.9252965790478191,4.845223470201399,2.0449494325821798,38.50895436748284,6.477148385182789
180953.0,0.5063696835418334,2.449489742783178,2.2320714274285347,7.285013971944637,0.0,39.620273621863646,4.487148640726828
204122.0,0.44774958798255177,5.916079783099617,1.99736668746891,2.7582412397834437,7.362382655266781,37.674021750984004,6.2895779344487845
113527.0,0.492168662381091,9.669539802906858,2.0907443940405823,4.062951606600275,7.326487518234007,37.66597871837486,5.9390175807587395
195625.0,0.4626334379405209,1.5811388300841898,1.7888543819998317,4.505552130427524,2.217355782608345,38.010319061798256,6.036665629624525
171523.0,0.3653400958115933,5.627314338711377,2.1831357885722613,8.269580697488882,7.405394606707042,38.407661585528324,5.8962501444363555
193386.0,0.22360679774997896,1.5811388300841898,2.16794833886788,2.16794833886788,6.0,34.82554685069988,4.828642611923585
92234.0,0.41648360597283707,10.535653752852738,2.0854750895674457,2.9616597663183017,5.425894961612672,39.19480732841569,6.532464025183
194951.0,0.4745001794941605,9.669539802906858,1.6462767910431324,2.657892762959773,8.331827820995201,37.3936947084026,5.8937165067442425
29295.0,0.4656573146573321,1.2909944487358056,0.5,3.559026084010437,11.372481406154654,38.73070792259527,5.972008383740964
103069.0,0.3503375779317234,1.5811388300841898,2.073644135332772,2.280350850198276,2.6299556396765835,36.83423211820364,6.786196211162291
79146.0,0.4103913408340617,1.2909944487358056,2.7080128015453195,2.3804761428476167,5.507570547286101,36.954420123534156,5.3103672189407005
35945.0,0.4869107380920053,7.648529270389178,2.0153258946231154,3.1505799221974744,7.360480056807889,39.531281565643965,6.5302953557622345
32622.0,0.5009758346921842,3.894440481849308,2.303842943364913,6.447022767456508,9.276885579794873,41.15633718851965,6.455771218205425
36628.0,0.4264714334352383,6.2048368229954285,1.7196345126633326,4.327651953261887,8.045920836378095,37.89880774704153,6.728142723611307
128404.0,0.4920419323166418,5.338539126015656,1.2744343869089332,2.7037857748608465,6.79586812183784,40.53816714121498,6.183232742648334
32723.0,0.4934342216062661,7.937253933193773,1.4675987714106855,1.8045526471705544,5.7265911460349725,37.844006103397206,6.013234905805322
134847.0,0.4812022447609097,10.535653752852738,2.5128242505765725,5.567122878368785,4.420540291705102,39.63095666580917,6.295586963752595
13225.0,0.4987421363720588,7.359800721939872,1.3379088160259651,2.3804761428476167,9.846282311731613,38.05799095542182,5.933436726959121
35127.0,0.42474439539379405,1.8708286933869709,0.7527726527090809,1.3662601021279464,8.142481194328914,30.64171037025209,6.485257015613071
80811.0,0.4781026623838761,18.618986725025252,2.2020350436206346,2.906572669406303,7.1968517324724015,39.697490229352226,5.814447195906423
192273.0,0.4815434123430766,1.5811388300841898,3.03315017762062,8.78635305459552,11.789826122551597,37.50722535756262,5.997029916224528
138163.0,0.4890745599943281,7.937253933193773,1.9806758753205744,5.287732402468373,1.6229128608296108,38.30640793508168,6.561499054428786
70761.0,0.4653216269680751,1.5811388300841898,1.8708286933869709,4.816637831516919,8.460693430998036,39.48587725914136,5.615871410200418
32861.0,0.4970995180332219,2.449489742783178,2.356601669474803,5.235524260827591,12.472827609304499,41.79929477943088,6.272180191444041
64490.0,0.4629100498862758,1.5811388300841898,1.4832396974191326,1.7320508075688772,9.84462628374824,37.16078321999968,6.148944934663493
194186.0,0.5024691508189856,2.449489742783178,2.5071326821120348,4.750939756661683,0.7559289460184545,38.78141780991173,6.561141015751103
130484.0,0.28810406552003043,1.2909944487358056,1.8929694486000912,0.8164965809277259,7.0,34.38258141504073,5.974947698515862
72281.0,0.3869180295798576,14.866068747318506,1.9699706377825763,2.6395186726995155,3.9528341679336463,41.950911162553076,6.564524541514062
23122.0,0.5015328417047638,5.627314338711377,2.043388997839429,3.8472288196367113,9.38083151964686,40.53092690817761,6.286694085329946
124534.0,0.4934044927318694,9.092121131323903,2.2874129632657345,3.4052457950537414,7.775883732161378,36.760081772060545,5.5968922851911795
41217.0,0.4839149403229733,5.04975246918104,1.862951484954484,2.97415336445418,8.270177345942066,38.31904013945681,5.7752112982220885
141859.0,0.4385290096535146,1.8708286933869709,0.8164965809277259,3.32665998663324,10.825894882179488,37.72276363883914,5.550292526204071
13899.0,0.4960541500218802,3.3166247903554,1.6292775867068985,2.0225995873897267,5.312459150169742,39.95481318657608,5.552898109938163
159753.0,0.4932231978903398,15.732132722552276,2.2706464014380097,4.233943236739919,5.227134184732198,36.036789897695535,6.1699140347317565
125229.0,0.4717363789953092,14.288690166235206,2.18276333630399,3.337582325922902,6.217646757871805,37.890171194606644,5.996794015266696
201625.0,0.5024691508189855,5.04975246918104,2.304088437845164,2.3654995741479468,9.961383772682725,35.310864374256575,7.042755722248591
188177.0,0.4193911208716004,3.6055512754639887,2.412090756622109,2.108783937953269,8.903523306687488,40.077300308279256,5.567370477621168
114768.0,0.431751441508704,2.449489742783178,1.9820624179302295,1.407885953173359,9.232447954800246,35.947386777013534,6.673778198940885
172163.0,0.4626519455729921,6.782329983125267,2.2711456947537334,4.154144556469771,7.731422364280182,42.149519695745184,6.035170289501401
41152.0,0.504524979109513,2.449489742783178,2.0310096011589898,4.2067123233504535,9.253056123197762,42.39047512062563,6.956687620232969
82007.0,0.4888198649007325,3.894440481849308,1.4806443503784736,3.402487777630226,9.516731677323984,41.17578551163293,6.009297053955409
202071.0,0.4497487400071537,3.027650354097492,2.2705848487901865,3.5605867181937563,9.666666666666666,34.90545672371168,7.005192879052457
137560.0,0.4598645559684566,3.027650354097492,2.311805451253293,3.5527766918597936,10.82563829270332,39.12890076224443,5.454635221919812
95696.0,0.4909861406609367,3.3166247903554,1.7215215257545762,4.792038852475673,10.614455552060438,31.93370536692443,5.564724058401625
140806.0,0.4989996730491113,8.803408430829506,2.4869775775556096,3.970581473963141,6.15921753075283,34.527610306179106,5.945055989160158
48342.0,0.5017133117025979,3.3166247903554,0.3015113445777636,2.6934263410283656,10.863291909504738,31.807200797914767,4.983447176675185
192496.0,0.5007117441325404,2.449489742783178,2.38671920665766,5.578978401105349,11.596386957849864,37.30097183720553,5.7850381733111025
49520.0,0.3869529949759475,2.449489742783178,1.8850918886280923,3.7008686239082538,8.698658900466592,39.34577419609312,5.2699607942077495
129414.0,0.5005727631080018,3.027650354097492,1.9465068427541912,5.506561742341788,11.039072022190592,40.40549159156711,6.479246966918162
189231.0,0.3885619540779348,9.669539802906858,1.3342799669870753,2.4844211568992254,6.784039024347588,43.022620648280906,5.321889779252368
127892.0,0.4972691801468912,11.113055385446437,1.7748439716649276,3.4714851438311936,7.079450446088214,35.1550155898704,6.082583313645762
193179.0,0.4996176346322577,11.401754250991381,2.337282180055241,5.388672078966104,9.340866024833211,36.979039851768064,6.022692000034135
51525.0,0.4706787243316415,1.2909944487358056,2.217355782608345,2.9860788111948198,11.547005383792515,42.23742416388575,5.592069548035447
90184.0,0.4906595481070968,6.2048368229954285,2.007130147392398,3.3065591380365986,5.5845180727850785,36.64548319873117,7.3464794448714095
105076.0,0.4160677094634899,14.288690166235206,0.9044485672963134,2.806243040080456,4.734811476322164,40.43208138506111,6.457702616017794
58973.0,0.5007457125694794,7.359800721939872,2.286190426597633,1.733974240485327,8.029722864169244,38.415504108621114,6.283326844438225
17502.0,0.4712911887733364,2.449489742783178,2.0,5.817154434453817,7.937253933193773,37.161865242877795,5.865070214907304
137773.0,0.33518658858046363,14.577379737113251,2.2039852586639865,4.101816421926228,4.682704463067831,46.81146021949938,6.1706040773819675
81872.0,0.4955946277833522,3.6055512754639887,2.1933093855190746,2.6097137890209456,7.942978603201011,43.181010587116575,6.622178399382392
130883.0,0.4347693529262413,2.7386127875258306,1.536590742882148,2.81858908754796,9.258200997725515,31.20676794529349,5.203183475485936
163952.0,0.33166247903553997,1.2909944487358056,2.3804761428476167,1.4142135623730951,8.736894948054104,36.161524361617346,7.1206364324730975
100415.0,0.4989481917410562,5.04975246918104,1.5024489812224806,3.4630401468685763,10.327753870033892,36.44009142631087,5.861523363456883
108054.0,0.4978213403988641,1.8708286933869709,2.6394443859772205,4.915960401250875,10.871982339941509,37.136270196434154,6.810625183095557
198990.0,0.4281267893841057,29.011491975882016,1.694047809183076,3.8830764643878473,2.20000749609862,34.92074466502966,5.990357093650826
94580.0,0.4223030825057595,5.338539126015656,1.5048939771136507,3.428065633404369,5.314381154831062,36.87318048370051,6.756569846294477
187941.0,0.4497764451088037,2.160246899469287,2.288688541085317,4.353433237386437,6.21825270205921,33.79672491113029,5.917177284228266
13325.0,0.3755338080994055,1.2909944487358056,0.957427107756338,3.6968455021364717,11.676186592091328,37.08217283395813,6.1126903377304505
20963.0,0.3993051461698333,17.175564037317667,1.7837502767143587,2.795274462737764,4.284110119503402,42.11601382716146,5.840659251540943
68735.0,0.4695334480544922,2.160246899469287,2.3603873774083293,3.532165125838609,10.609743949156671,39.519337813588045,5.828253376009487
81339.0,0.34514092346937275,13.711309200802088,1.8879333467906496,4.09575489264318,5.230161505343851,37.21314528252324,6.411991606641135
72119.0,0.5012861397973892,6.2048368229954285,1.468721504282843,2.600366274566866,7.454246405484878,34.720779787032555,5.106704551131682
11307.0,0.497975136114603,10.535653752852738,2.3588738233075794,4.696165271151374,6.019994695550302,38.530478975541584,5.557910237916287
135613.0,0.4615215208036402,2.160246899469287,2.2990681342044397,6.733003292241386,8.981462390204983,32.69237522495822,5.821724239285091
88872.0,0.4186572170818396,2.160246899469287,1.6761634196950517,3.4503277967117714,0.7527726527090809,42.205172945702095,5.809950041138003
106267.0,0.4844130033389722,6.2048368229954285,2.462093572938437,5.7817446699565895,6.261830907633125,38.47826425299577,5.62739944566518
28334.0,0.499426840063793,5.338539126015656,2.4064184326925795,3.7595195076105914,8.392924190685166,37.35976084910964,6.689809260394787
49860.0,0.489199590470228,2.160246899469287,1.1126972805283737,1.8126539343499315,4.88535225614967,26.51632675193878,5.996941861341638
191324.0,0.5007656972326524,5.916079783099617,2.04939015319192,3.5905577927611603,10.550629814076702,37.02478802410171,6.371179983441691
165983.0,0.495452660741884,5.04975246918104,2.267091943956605,2.3514701283890216,4.843810483493342,38.08876638522821,5.607231605495355
130493.0,0.483045891539648,1.2909944487358056,1.4142135623730951,2.217355782608345,0.0,43.96210489349511,7.448234050846581
134297.0,0.5016103101271006,6.4935865795927175,2.1486933510585255,3.2142135634037805,7.85038670567071,35.99736234995345,5.877065921542301
87309.0,0.5014966414959996,5.04975246918104,2.40404071610817,2.946832796310603,7.013083012009293,37.66258009108244,6.002884897517716
195322.0,0.4376801115039287,4.47213595499958,2.5071326821120348,2.7115274205474957,11.539944959588398,35.11855986398633,5.739119140505543
148382.0,0.3938865658825607,11.401754250991381,2.0064000163579108,3.712509400107149,6.332197747011271,43.31844858703954,5.903884810517213
172843.0,0.5041008302500832,1.8708286933869709,2.16794833886788,3.920034013457877,9.391485505499118,41.11161930847826,5.9372310255465255
199852.0,0.4989462580489532,2.160246899469287,1.9518001458970664,4.1518785191880605,1.224744871391589,41.37017880493338,6.195593761682625
36762.0,0.5014835669365583,3.3166247903554,1.9908883353006928,3.5903912169719177,10.317730155201557,40.34165271356604,6.6480373514277185
3224.0,0.49541274706484706,4.47213595499958,1.807392228230128,3.5989416433697494,6.1291054866052095,40.3001199473908,5.864471551476151
73996.0,0.4766266450123548,3.3166247903554,2.018099916438052,4.566677726153385,10.002221975363497,37.250747399457396,6.185842421582245
143685.0,0.4472135954999579,1.2909944487358056,2.160246899469287,4.654746681256313,14.433756729740644,38.423083339749475,6.0603030227268935
131498.0,0.4673278328184728,16.020819787597222,1.9337512609934968,5.957311666310758,6.392802556649302,39.142635176929055,5.9038618740616595
99618.0,0.4531885500190961,10.535653752852738,2.363747361141116,4.385039501369564,7.931216910454049,37.956509146643626,6.421422840940249
58546.0,0.4256691611203414,8.514693182963201,2.544190716896217,4.548588261473421,5.43114670188115,36.253317507547216,6.20797559909517
203763.0,0.454256762579498,3.6055512754639887,2.0207259421636903,3.9157800414902435,7.240040180702164,38.224277424372396,6.334399370470368
132729.0,0.5007749567611156,5.627314338711377,1.9102677317636767,2.342088836265411,9.440560523959157,44.21936773586975,6.912444502278402
46012.0,0.493722272620589,10.824355254086344,2.303868010066508,3.8986792250324602,7.384453854562214,38.481569596235204,6.247194434934218
4401.0,0.4579603467291286,3.6055512754639887,2.5702257889260642,3.2321772378645472,11.858253742359445,42.808332735265296,6.135809092106293
16350.0,0.4671765921511567,2.160246899469287,2.138089935299395,4.685336802448781,4.898979485566356,37.52035003390382,6.910861017268399
154277.0,0.3359450805224315,6.782329983125267,1.6633695978261511,4.8139290650650715,4.634007550061392,28.774357271077946,4.9082490860702155
14192.0,0.43856380965144987,4.760952285695233,1.9278658321228341,2.286737122335374,9.82319897463337,38.158829249233705,6.008604722456495
2353.0,0.5039526306789698,2.449489742783178,2.5634797778466227,3.251373336211726,5.437961803049794,38.9161491757171,4.864839839775475
163277.0,0.0,1.2909944487358056,2.5,3.5939764421413036,9.848857801796104,38.67052525903319,5.5506327395643655
118979.0,0.42604296149803583,1.2909944487358056,2.160246899469287,4.645786621588784,9.237604307034012,34.320136871402404,7.025188705883732
42296.0,0.4945353550468402,1.8708286933869709,2.3166067138525404,0.8366600265340756,5.941380311005179,37.173723438548826,6.996597812678743
137929.0,0.4472135954999579,1.5811388300841898,2.8284271247461903,5.787918451395112,4.0,33.44692765706545,6.619530332144556
6845.0,0.4474425249214016,1.8708286933869709,1.0327955589886444,3.710345895825168,6.3796551630946325,33.47596296775281,6.12336934815409
90097.0,0.3099340466946034,1.2909944487358056,3.0,3.651483716701108,0.0,40.27482512018567,6.41392715412808
91845.0,0.34077710054823873,1.2909944487358056,2.5,2.3804761428476167,4.725815626252608,37.73630201846082,6.612170424361257
142340.0,0.4613585692498854,4.183300132670378,1.7177163475234931,3.361874150261696,4.4505833671208,33.31644297250872,5.808406722370798
195072.0,0.4871361075732194,3.894440481849308,1.7795130420052183,4.2697504881162835,10.349571796148687,34.36136722123049,7.475123434146838
170280.0,0.32573821276852616,20.351085147152887,2.15299877536149,4.4190674751463686,3.7056556852966,39.82224763242932,6.547006082670131
54853.0,0.41258230116652495,5.627314338711377,1.1945294407402942,1.8369183449048443,5.849976258261416,38.75774186439021,5.774424367669826
86480.0,0.4852391819627826,8.803408430829506,2.2682212383731213,5.261986863070494,7.08811535673234,37.24133666858301,5.962391209276853
16868.0,0.4295263718551777,1.8708286933869709,1.4142135623730951,5.215361924162119,8.136338242723197,38.63586288194351,6.5070896874055615
24389.0,0.4022809073387524,28.722813232690143,1.1922065346895314,2.773486687639606,3.0823093907502512,39.74815114215672,6.233400216244793
10086.0,0.3741657386773941,1.2909944487358056,1.914854215512676,9.018499505645787,6.92820323027551,33.757186183798254,7.00713921654194
77746.0,0.4933636669949972,9.958246164193103,2.185065171550169,3.832151255392561,4.40256467954484,41.668390096313885,6.3680390995665785
144919.0,0.0,1.2909944487358056,2.8284271247461903,0.5773502691896257,16.165807537309522,32.06661592907579,7.595816517756901
87649.0,0.481396863932141,3.6055512754639887,1.898963034411309,3.414541097876977,11.672812234185276,39.52888246611087,5.932429981904218
151165.0,0.3659535029924764,13.711309200802088,1.5155682996966284,2.7543590882542937,7.291713250368797,44.837785997304756,4.978261924350668
141885.0,0.4519846147055687,2.7386127875258306,1.3228756555322951,1.7873008824606014,4.5669621037559365,37.257562884111096,5.565982279001499
142505.0,0.4013864859597432,1.2909944487358056,0.957427107756338,3.5939764421413036,5.5677643628300215,28.594584212843852,6.7378791008985255
1397.0,0.503314522547481,3.894440481849308,1.3301243435223524,1.9348358440936904,12.324833270739006,37.34996878268074,6.038810055860036
751.0,0.5063696835418333,2.160246899469287,1.6761634196950517,5.023753102820166,0.8164965809277259,38.39852822305785,4.670993664969138
124140.0,0.41485111699905336,1.2909944487358056,3.2015621187164243,3.8729833462074175,10.503967504392488,37.0275699401475,5.083513082815652
55864.0,0.453922627365046,15.443445211480501,1.9092244187069625,4.178526903434819,7.541614063631619,38.60268567639433,3.695385019905792
5499.0,0.4944184661036461,3.894440481849308,1.1982893790305562,2.3506682083273738,9.829994296986538,39.559215675564964,5.889830367475095
4696.0,0.4837536514672707,5.338539126015656,2.28164027684935,2.8284271247461903,6.977906309960621,38.05210943668502,5.998328923515841
125242.0,0.4974817600008871,3.6055512754639887,1.97522534195852,3.2787192621509997,7.496665925596526,33.675007852206264,6.023160427753982
80925.0,0.5003554924018236,1.8708286933869709,1.760681686165901,1.095445115010332,13.423859355639868,25.42589606043788,7.149153069447433
42767.0,0.48507125007266605,1.2909944487358056,1.4142135623730951,3.3166247903554,12.701705922171767,31.237950057734647,7.1150106551836325
68407.0,0.4746930171584463,6.782329983125267,1.857577154622519,4.645963865244127,8.409436052353017,37.51498654444914,6.535407501187709
37234.0,0.4372373160976031,1.5811388300841898,2.549509756796392,7.1763500472036625,12.996794476587935,43.14020077696583,5.429029284721071
127074.0,0.4620284835750965,2.7386127875258306,2.9580398915498085,3.333333333333333,9.583281573359184,38.01762233284898,6.043177971895251
197394.0,0.4643212436205176,15.443445211480501,2.180864131472189,5.138785046698136,7.4912719450337315,37.444767140954546,5.7640227561429205
166851.0,0.4995714897084557,3.894440481849308,2.0064000163579108,4.212314060417355,7.329888998291361,31.511047511757216,5.506034511343012
188067.0,0.4811511408013026,7.359800721939872,1.9476481543988724,3.9488394919689167,7.440585920515917,38.833413770830454,5.921237381118251
6151.0,0.4931969619160718,3.894440481849308,2.273030282830976,4.112208215819867,4.628632889335947,40.514082848941676,5.513985890808972
69675.0,0.4782914868323342,16.59819267269783,1.6757895681414572,3.3384672244192104,4.291338301227766,35.45973388609574,6.502444595249214
195166.0,0.4988626465500918,2.7386127875258306,0.927960727138337,3.6893239368631088,10.26436275942851,36.85894237024526,5.870122088452108
49838.0,0.4990412263469523,3.6055512754639887,1.1146408580454257,2.9848100289785457,1.618079669911781,41.38127712086525,5.1778466715272815
54512.0,0.4849815466507114,2.449489742783178,1.772810520855837,2.8504385627478452,7.568732673685488,39.42838766445449,6.170212185872398
105229.0,0.47130104048668103,2.449489742783178,2.1339098923270936,5.3117121264509155,1.8126539343499315,37.92309150854158,5.2644555989791755
135926.0,0.4885967564883417,1.8708286933869709,1.6733200530681511,2.8106938645110398,2.4083189157584592,41.135275804265106,6.835980822297334
91157.0,0.4745789978762495,5.04975246918104,1.697749375254331,4.96087634573238,9.098534680558917,31.86001578876894,6.680478117529304
16145.0,0.4489355464070261,5.338539126015656,2.263665833672441,2.659917930819072,2.5509513796182928,36.60297718823005,6.208227604194793
115761.0,0.4296911883384431,17.75293402980664,1.1490076497721724,2.8025164336102897,5.1085394332669045,39.54440933385267,5.179924678929309
135510.0,0.4712120714991613,1.5811388300841898,1.7320508075688772,6.3796551630946325,6.5,37.009670172463174,5.965139369749442
108659.0,0.498390161195177,1.8708286933869709,1.940790217067952,4.816637831516919,7.661592523751183,40.854334517176454,7.375345546151293
119613.0,0.46609159969939895,1.8708286933869709,2.7568097504180438,3.829708431025352,12.103718436910205,34.63180481525479,5.149202434774313
193736.0,0.4720054190856906,9.958246164193103,1.5672676815846585,2.60809107153741,5.011350752405619,41.15067879615857,5.8173315320554115
50813.0,0.5005939268307067,4.760952285695233,1.75,4.049691346263317,8.913873616848225,39.77551702223322,6.139603964597819
193868.0,0.4969729966576247,3.894440481849308,2.331501112137293,4.1106490846867345,6.906299276527894,39.964932385440996,6.194402627502315
46974.0,0.4876684024916934,5.04975246918104,2.3152308994238693,2.9268031144216438,8.874823941915693,35.695782921254605,6.0781941762701575
196025.0,0.3561556497471953,1.8708286933869709,2.1602468994692865,3.5023801430836525,12.922847983320086,34.747755294635546,6.0
82734.0,0.467682222976057,3.3166247903554,2.1105794120443453,2.8572077914699108,5.834761729877617,42.71105012542892,5.273371853399432
38449.0,0.5032683769612476,3.027650354097492,1.8135294011647256,2.1108186931983424,4.362084109434133,38.34255156486329,7.036758229934763
205149.0,0.3146963876899777,1.8708286933869709,2.6583202716502514,3.0110906108363236,8.136338242723197,39.61066621566445,6.335536630013584
205181.0,0.4874456952165277,4.183300132670378,1.9792883614022536,3.248837492849567,7.507261442028932,34.966393131815124,6.074522188602147
197657.0,0.4969178748059636,10.535653752852738,1.942016624910449,3.381907980312532,6.849155011368038,37.77673558662463,5.0871361667400254
118816.0,0.4924651972383538,3.6055512754639887,1.8586407545691703,3.7537859676477416,7.526921379591091,35.85115809134352,5.9303611402055525
25053.0,0.5270462766947299,1.8708286933869709,2.949576240750525,2.943920288775949,7.5960516059331775,45.03554152000396,4.024922359499622
206184.0,0.2323106841457232,1.5811388300841898,2.345207879911715,2.6076809620810595,10.0,37.672337212964955,5.831028319738908
62051.0,0.5040161287741853,3.3166247903554,1.0357254813546264,2.381748784554591,7.760297817881877,34.325286229327716,5.676247018918416
74800.0,0.3974545408970703,11.401754250991381,1.6681504865820531,3.279799539643073,2.7421165937903256,38.44703498619346,4.6817022439906175
14569.0,0.4877218358133706,2.449489742783178,1.5526475085202969,2.997022331772464,6.447590912226719,39.51409069386975,6.9986056097254465
186704.0,0.33685478121150825,29.011491975882016,1.5314547121457875,4.238484101037478,2.225579817628228,40.68302369055542,6.452735871467373
158846.0,0.4980147066288785,3.3166247903554,1.7786613965666325,4.123105625617661,10.228500487472356,33.20809212595333,6.755904640436287
166794.0,0.4801143042312275,7.359800721939872,1.6502525059315416,2.4832774042918904,8.39729079844346,35.513309081965595,5.648548270217367
186866.0,0.4786599435354422,4.47213595499958,1.579632265825846,4.853079532871984,2.8128433856309725,40.00889641944993,6.414057802467151
156622.0,0.4777517694857377,1.2909944487358056,2.8722813232690143,3.366501646120693,2.8867513459481287,34.39574926597134,5.993740478609742
187072.0,0.4755298002978071,1.8708286933869709,2.8106938645110398,4.355073669487885,10.295630140987,40.05598369250136,6.584233465318079
109843.0,0.4523443208612049,1.2909944487358056,2.0615528128088303,5.507570547286101,8.386497083606082,40.972748039048405,6.789655013671782
4836.0,0.498862646550092,2.160246899469287,2.4784787961282104,1.9518001458970664,12.274635093014645,33.24178329245567,5.3316855447690585
141967.0,0.3876509048663705,2.160246899469287,2.672612419124244,2.9680841985233184,11.994443157840495,37.8562317949672,6.263760362398216
87302.0,0.4801004623000371,3.027650354097492,2.4855135843076335,2.9907264074877267,2.242270674512285,34.609925437300646,6.292982810485122
182990.0,0.4981167541368992,1.8708286933869709,2.5819888974716108,1.6329931618554518,0.0,39.84125476682868,5.805288468903862
1665.0,0.4783470332603047,11.69045194450012,1.3772417622897117,2.3302635484271312,5.321004643707199,35.568563213540564,5.716505171216853
109778.0,0.4984650076643794,4.47213595499958,1.4573295865416045,3.775863193647627,7.9755808634788545,38.342006744776114,5.937786179275325
112920.0,0.4603616076228822,6.4935865795927175,1.900672016039094,2.6988052511342464,9.565065404401384,37.94736779175927,6.282832696393013
142603.0,0.4793511244587378,18.04161855266872,1.922342128667781,2.1910350487556625,4.204343317599126,38.72421815776803,5.960090869410409
81423.0,0.4990108793478453,1.8708286933869709,2.683281572999748,1.1690451944500122,5.412947441089743,40.196392872992966,4.769696007084728
3953.0,0.4116250914932712,1.5811388300841898,2.345207879911715,3.3466401061363023,7.32575365861197,40.340573295783024,6.5553994563325855
109345.0,0.4993244264882787,5.627314338711377,1.699673171197595,2.3182469682602744,9.884463282297373,37.84233742787055,5.852504107678436
25085.0,0.41468040823352537,25.25866188063018,2.101157380177345,4.1422513755403925,3.763966240611773,38.48282535742856,6.113864868423543
6240.0,0.4213618891602299,8.803408430829506,2.7461571896642822,3.800937573386547,6.847925866271534,37.06421388283306,6.003282275956655
121551.0,0.4498043928172288,4.183300132670378,2.680823229310949,2.8984649214884244,7.327503510221452,42.439987298888596,6.1123168002539545
182104.0,0.4879269868020138,7.071067811865476,2.7767147724489516,2.375905624437108,7.370757304450248,38.677013375341744,6.7059771748888215
51882.0,0.4953674731351026,2.160246899469287,1.5118578920369092,3.2586880211286897,3.6742346141747673,42.23793481285397,6.070630034815813
50633.0,0.5144957554275266,1.8708286933869709,1.4719601443879746,2.9268868558020253,0.0,31.741140496207763,3.9686269665968865
133228.0,0.3734377890799553,2.7386127875258306,1.3944333775567928,1.9002923751652296,7.35696948478108,39.4753396315268,5.149946720065382
143954.0,0.4982353166678271,3.6055512754639887,1.2673044646258476,2.2746961169005457,7.891307069980693,42.19952298716236,7.032012855764355
101866.0,0.4626334379405209,2.160246899469287,2.2677868380553634,6.5064070986477125,10.191499726078916,37.3526704174549,5.984255240398843
31614.0,0.4562439130098157,1.8708286933869709,2.065591117977289,1.3784048752090219,7.14142842854285,38.65563470384461,6.463732163967777
49614.0,0.45255280963884204,3.3166247903554,2.0976176963403037,4.3693144875265135,9.855060741681008,35.137788739914534,6.457768792530263
11825.0,0.4713010404866809,7.071067811865476,1.9261736493723067,5.492913748574192,7.133952665417051,31.671371261373533,6.5939759993891
167245.0,0.355234128157054,9.958246164193103,2.5493349592399297,6.9284605117146025,5.53980089347929,37.39016310040907,6.014935942339853
24645.0,0.4013864859597431,1.2909944487358056,0.5,3.7749172176353754,8.660254037844387,40.00720378481609,4.403592353495443
193064.0,0.2768874620972691,1.2909944487358056,1.707825127659933,3.1091263510296048,0.0,26.90548528348673,1.1845514152353072
172582.0,0.5025741264537527,1.8708286933869709,0.5163977794943223,3.559026084010437,7.503332592921628,41.1497849909912,6.709099195272938
104965.0,0.4082482904638631,2.160246899469287,2.4299715851758235,2.9920529661723823,5.428320796219275,34.623197273990804,5.4471141562830265
191587.0,0.5003337383062592,7.359800721939872,2.173323108360405,5.852349955359813,9.164756059120633,38.0659763991226,5.336354455682164
39525.0,0.5018705639589907,4.183300132670378,1.1673205911990772,2.4950500446433383,8.362768526983002,44.292178518583604,6.3715836274883735
114842.0,0.5012313240383671,4.760952285695233,0.6020797289396148,2.104558544366649,9.003702941938204,38.03014056043683,6.226832439230664
182466.0,0.4876800779271999,3.894440481849308,2.465141593686472,3.0967311135685627,10.0223235677646,39.35852353355243,5.393904235203915
61967.0,0.4010854836782194,1.5811388300841898,1.3416407864998738,1.9235384061671343,7.724420150837644,37.21667745891728,6.09706274973238
161730.0,0.4747488865424024,11.401754250991381,1.870287600478072,2.8049503184190128,6.420539587273773,42.729204482656534,5.503852983212641
123375.0,0.33333333333333337,1.2909944487358056,1.0,3.304037933599835,11.590225767142474,39.0711347599295,6.408699444616557
89568.0,0.4935425194319673,10.535653752852738,1.9214743016921907,3.564707962392272,7.247485799928695,35.12430945326329,6.141509489445966
85597.0,0.1601281538050872,2.160246899469287,1.5118578920369088,6.924765768773768,10.206207261596576,35.78523738629857,6.207701819326307
122107.0,0.4774273547023861,2.160246899469287,2.138089935299395,2.9358214555806383,10.250203250017373,38.502326550451095,7.2620136398428174
48182.0,0.48202804510674496,9.092121131323903,1.8275078512106482,3.9621868622242937,2.325273435904719,38.09544513401297,5.218397936017676
106200.0,0.5007830858361345,5.627314338711377,1.812884361343089,5.89131584106482,9.551545746306763,39.835477256171416,6.3775982050649915
71876.0,0.4619746983669775,4.760952285695233,1.6733200530681511,4.823121395942673,7.941452428030195,40.48884242202541,5.948776524157165
153751.0,0.5015145291468583,1.5811388300841898,2.4083189157584592,7.395944834840238,8.426149773176359,38.40487907599899,5.953901860832191
170599.0,0.4509605133660644,3.027650354097492,1.9465068427541912,1.5670212364724212,13.629013170439013,33.629408191078035,5.904810751349333
161169.0,0.3958473906635696,1.2909944487358056,1.7320508075688772,2.217355782608345,3.4641016151377544,26.54510985365962,7.333284139937322
143375.0,0.3518657752744984,1.5811388300841898,1.9235384061671343,4.979959839195494,6.5,41.02719548337138,5.87912430248779
110074.0,0.4901325178535609,1.2909944487358056,1.5,2.5,0.0,39.974114431234156,5.725188012439222
97606.0,0.41905817746174695,1.2909944487358056,3.4641016151377544,7.767453465154028,6.5574385243019995,38.32310376597992,7.064150178325449
30076.0,0.5031090461059529,2.160246899469287,2.544836041121407,3.9880774697543058,8.215838362577491,41.934150438192646,6.604552984125432
23147.0,0.4524139283588641,1.2909944487358056,1.0,3.304037933599835,6.350852961085884,40.1278862232644,6.2831538241572575
61762.0,0.4689841059611772,4.183300132670378,1.8156825980064075,2.778449247292493,10.05370195882706,40.10625314674818,5.1363261807801655
11451.0,0.4984901540892986,3.027650354097492,1.9692073983655909,2.8982753492378874,9.175753072333869,39.58593055464559,6.574171893646069
123920.0,0.4935035299830167,5.916079783099617,2.368099393362133,3.5894582496967127,10.648833777400856,38.22903724749274,6.296658366571478
144957.0,0.2879022412812364,1.5811388300841898,2.683281572999748,1.9235384061671343,5.0,36.290850175376356,5.8587311922288885
24092.0,0.29424494316824984,1.2909944487358056,2.7537852736430506,3.7749172176353754,0.0,44.47148702140213,6.048053188292995
59447.0,0.4915121142106691,3.894440481849308,2.814796071312613,5.44906484566918,6.30235646164964,34.12072747928812,5.838678269473858
198685.0,0.4924968949032682,3.6055512754639887,0.6685579234215215,1.4142135623730951,10.215852209367382,41.079946811981,6.7755827279473255
204522.0,0.4605368126916207,7.937253933193773,1.5275252316519463,1.7791127466358518,5.868429222412206,40.23560878822872,6.113319805563326
16877.0,0.450146175089124,3.027650354097492,2.0138409955990952,5.915140648276157,1.7320508075688772,36.041623897913546,6.511424820932298
119886.0,0.4358898943540673,1.2909944487358056,0.8164965809277259,3.4034296427770228,13.85640646055102,54.06618209919788,6.4031242374328485
181224.0,0.4526656657028502,3.6055512754639887,2.745519766433815,8.105366721929963,9.720643450456821,33.21303689977507,5.2798659194134965
22080.0,0.4900230923050439,4.183300132670378,1.9778998741311231,2.7971728270122718,7.573570779954088,36.00616154206139,6.692984420277576
188594.0,0.4794633014853841,2.7386127875258306,2.0615528128088303,2.4037008503093262,2.8284271247461903,40.4105249448184,5.9069539750329785
108132.0,0.3663475485325233,1.2909944487358056,2.8722813232690143,2.160246899469287,12.16552506059644,38.328974603002976,5.11701314532333
97784.0,0.4753826885415287,4.760952285695233,1.8337120820892248,3.649200825751669,9.311027767934007,38.12629989377076,6.27162924074226
1407.0,0.5144957554275266,2.160246899469287,2.0354009783964293,4.375255094603872,8.164965809277259,39.71145930332956,4.977728174356026
44740.0,0.4966884334176594,4.183300132670378,1.6035674514745462,2.9659236835601983,10.6337633543785,38.03815049434553,6.8413249763161135
202615.0,0.4072055089639777,2.7386127875258306,1.563471919941143,6.020797289396148,9.192388155425117,38.517220152979505,6.0791007219032425
16910.0,0.5270462766947299,1.8708286933869709,2.7141603981096374,1.1690451944500122,9.257429448826494,43.98636152263562,5.674504383644442
56148.0,0.4749153129300483,3.3166247903554,0.4670993664969138,3.37908002541843,9.829660330968828,34.10845656533234,3.133397807202561
202904.0,0.5060094062400561,1.5811388300841898,1.949358868961793,7.968688725254613,11.09053650640942,34.87456514592902,0.0
61422.0,0.5016103101271006,4.183300132670378,2.36852065853142,2.10180456217566,8.195527235429497,33.56156799307574,5.839191197944614
7403.0,0.4782594356544258,4.183300132670378,2.190137734642116,3.1492193346260295,10.687879547916381,42.21613567836209,6.2962317251393785
57882.0,0.4928053803045812,2.449489742783178,2.7255405754769875,3.3806170189140663,9.268482179125227,38.89241983800462,6.9577282337475665
75400.0,0.4959674545702648,5.04975246918104,1.9116515803633995,2.9950940277884626,8.955212634735894,37.694718123141314,6.309264260685503
133358.0,0.4780914437337574,2.160246899469287,2.7342623276105886,4.790864322059324,10.073066398404544,35.733210306948074,5.8419708308417455
115120.0,0.386459117308221,1.5811388300841898,2.4899799195977463,2.23606797749979,11.265729744080794,41.12563524611061,6.316606439237177
148305.0,0.3678836036909797,1.8708286933869709,2.4221202832779936,4.676180777800049,5.215361924162119,29.685937342225277,6.266785969137508
19027.0,0.4968138046017154,2.7386127875258306,0.8819171036881968,3.0413812651491097,10.696294418428947,38.9742476336571,6.2246276438685735
81322.0,0.4250237185032414,1.2909944487358056,1.914854215512676,2.8284271247461903,8.717797887081348,35.386376646584104,6.577161847713227
61584.0,0.5026246899500346,1.5811388300841898,1.4832396974191326,1.4832396974191326,8.5,45.60967467810338,6.5017480167049895
126524.0,0.4969914208178609,4.760952285695233,2.159282288168918,3.4586847211042526,7.377572190671632,39.961515427361476,5.869478573489702
69674.0,0.4973474613934382,2.7386127875258306,2.345207879911715,2.6977356760397737,11.27259635449742,35.20214732755076,3.399826985217301
30257.0,0.4827345502945799,3.894440481849308,2.0159619451027746,2.9828570025121715,8.528028654224418,39.50874967521745,4.795693687901217
200662.0,0.500976881426277,2.449489742783178,1.6035674514745464,4.27617987059879,7.653197277702215,35.88981545016072,6.13406293663499
144675.0,0.4925732108765236,8.803408430829506,1.4994251772159106,1.8096167118144548,7.635798499123182,41.104642188668045,6.3135344308807015
12691.0,0.4520747556538118,1.5811388300841898,2.0,2.683281572999748,8.845903006477066,40.82318911545282,6.399449963150491
5788.0,0.4959924420775135,3.027650354097492,2.270584848790187,2.9458068127047605,7.661229956374136,34.354222243173666,6.104090054109887
79060.0,0.33949155060020514,29.011491975882016,1.5403987415043818,6.557985339810673,2.778462088457288,40.782992855670415,4.7722569178770735
76660.0,0.4497487400071537,3.3166247903554,1.4709304414677,2.335496832484569,7.196449741983119,37.41451039684061,5.911106196862668
146060.0,0.4296015654189032,4.760952285695233,1.1474609652039005,2.4731895735399387,10.538817137927133,37.8599841904855,6.1088136618918805
1858.0,0.4760952285695232,1.5811388300841898,2.5099800796022267,6.3796551630946325,7.5,35.645930384002845,4.514681931340952
188740.0,0.4725150159006298,4.183300132670378,2.1649048909393653,3.4577512860302653,6.780439438145508,32.464537860369965,6.050210080386195
150545.0,0.4753902756663847,3.3166247903554,1.8586407545691703,2.0976176963403037,7.257945837341152,38.068642054716406,6.003943765260585
152206.0,0.4938298538244746,2.160246899469287,1.3801311186847085,1.4142135623730951,7.848566748139434,37.2485699018716,5.96313888775421
204164.0,0.4999999999999998,3.894440481849308,2.1393744592574433,3.7502136691264085,9.870371949640116,35.629843029203954,6.13892880610672
141496.0,0.4880282900288509,1.8708286933869709,2.4832774042918904,2.422120283277993,8.246211251235321,34.04639823394543,6.026728260756469
27249.0,0.4803844614152613,2.160246899469287,1.9760470401187076,1.7043362064926932,8.158839786799755,39.65735596775132,3.110177264140918
110167.0,0.0,1.2909944487358056,1.2583057392117916,3.8622100754188224,11.060440015358038,36.495596603269426,5.687496729460076
23510.0,0.5016135580465919,2.449489742783178,1.7677669529663689,3.5050983275386565,8.888194417315589,39.317416195058435,6.440753771390932
172828.0,0.5012098978847868,4.183300132670378,1.859043828435456,3.8800702384035586,7.872379498878276,39.573252450239885,6.034728851751792
114428.0,0.4760952285695238,5.916079783099617,2.2213082915965963,1.431782106327635,7.178997959040414,36.833391809989,4.82538223620577
167866.0,0.3644639317587665,1.5811388300841898,2.2803508501982757,2.6076809620810595,9.03696114115064,38.569763632496716,6.222469188916692
50514.0,0.4800153607373186,6.2048368229954285,1.9868616075658232,3.6592999590736186,9.212548650160766,35.426287106918465,5.105700913506566
139387.0,0.4694412706232427,6.782329983125267,1.2761106919165421,2.2120760910084143,8.459861941501414,40.571699133296974,6.408192808033718
128738.0,0.4364357804719847,1.8708286933869709,2.4221202832779936,3.488074922742725,10.064790112068906,36.623990316002796,3.38563140344604
34737.0,0.4607834622781705,16.59819267269783,2.301247346195304,3.785111315294827,4.199567077254945,39.10664017368874,6.095192845168148
43180.0,0.4983065150334354,4.47213595499958,2.5819888974716108,2.374467358818655,9.98047544508227,37.91815272803129,6.24139046647099
166880.0,0.5002007629071065,6.782329983125267,1.9681254499043663,4.031986730638809,7.20104008841628,33.39202102953909,6.249637374567048
151446.0,0.4089976023380717,21.217131442932306,1.8631857629379345,3.5459583183870342,2.125880099437195,37.676200169748455,5.653771322294153
141303.0,0.30993404669460345,1.2909944487358056,0.5,5.5,9.237604307034012,39.19152184612617,5.704519126231277
80537.0,0.4941150878204281,6.2048368229954285,1.5644868320376006,2.2562083659263807,6.257626925348148,38.99078103573226,5.9780149940238
64222.0,0.2886751345948129,1.2909944487358056,2.160246899469287,2.6299556396765835,0.0,39.18371646951877,4.261881786680195
144747.0,0.4969377051180343,2.449489742783178,1.5811388300841898,4.559135256352271,12.919162585274705,39.91012169569496,5.746324296015649
90900.0,0.4477202324161109,11.113055385446437,2.184420459842142,2.8734572829183933,4.7746515367403815,35.30324105679143,6.042046765287742
176267.0,0.4813726536890434,2.449489742783178,2.4928469095164503,4.590362575159894,10.415190371577012,38.51182718024922,6.65566468058792
202106.0,0.4901325178535608,1.8708286933869709,1.7224014243685084,2.6394443859772205,6.260990336999412,33.71214576276367,5.3113582364391005
39182.0,0.5002634352132189,9.669539802906858,1.4348212854610576,2.9593201512468634,6.7357226544313225,41.09760249740224,6.0100888997065125
181798.0,0.4023739080814784,1.2909944487358056,2.449489742783178,3.2015621187164243,7.505553499465135,36.715920573089434,7.590144538653204
77055.0,0.4870938329080298,7.359800721939872,1.8366636418607882,2.8936712552280937,8.987813811013737,40.41719411131768,6.054375457871269
159945.0,0.4859584410289861,6.4935865795927175,1.7056057308448835,4.0590873945002075,8.789062466931219,32.24650693179535,6.2901424048163035
114502.0,0.4540551221425342,16.59819267269783,1.9649178750367902,5.743089996401495,6.5645397263008345,41.52098259451523,5.730650126922165
121210.0,0.4593775209179026,19.196353820452465,2.337890986708804,5.959458995173263,3.7176812459050113,36.52572102309952,6.226546975345948
141697.0,0.3639996108971754,3.6055512754639887,1.7298624923456316,4.5792681696639015,7.407612791765461,37.24052527558372,6.0187491074112
103850.0,0.4996186894780086,6.2048368229954285,2.29076822215148,3.414953112694925,10.032971958287806,34.79737127341109,5.554071157450035
155422.0,0.4948847759588356,8.803408430829506,1.771096160346863,7.4543823414119315,5.772578288643833,38.18999992506015,5.753172159686332
177525.0,0.4961976634488732,3.3166247903554,1.2649110640673518,2.4899799195977463,10.90157990588724,23.3709221041875,3.5600118273014645
97327.0,0.4843271196922959,6.2048368229954285,1.8257418583505536,2.29076822215148,8.112855295925817,37.62911012959272,6.560196893251289
199930.0,0.4122508203948854,1.2909944487358056,2.362907813126304,3.366501646120693,12.897028081435401,38.28946335419928,6.43053486547787
53846.0,0.48250717525174996,8.514693182963201,2.161006880811872,3.4885456481055623,6.51524463841633,40.24955486296299,6.797844769653414
49991.0,0.4940410898973673,2.160246899469287,1.2724180205607034,2.544836041121407,7.7631608682718065,33.84618578690846,5.8113258266156205
76828.0,0.5016103101271007,6.4935865795927175,2.182178902359924,7.033777503875566,4.728334046695818,33.880560397982734,5.713770658789426
173310.0,0.5009604214481603,3.3166247903554,1.5782614139961386,3.3001377381723165,9.65228815704684,37.770243797553256,5.755523470560091
195254.0,0.4717229298248316,9.669539802906858,1.960306871462484,6.896694421198747,8.087226088496081,38.77570944972785,5.648128258033467
25287.0,0.5039754872284373,3.027650354097492,0.7071067811865476,0.7888106377466155,3.5276684147527875,43.210019904020186,4.802997300517987
172907.0,0.4992663238894534,5.04975246918104,2.0291986247835694,2.234423204951007,9.215928240461368,36.564026189746706,6.584082324517398
57237.0,0.4229020617662604,1.5811388300841898,0.8944271909999159,4.03732584763727,11.412712210513327,38.100715428047174,7.038450464856349
115211.0,0.4346336332871885,8.225975119502044,2.0,3.6520270518304754,6.832760034320662,34.03145985320436,7.1064037336738775
170979.0,0.4866070995624795,2.449489742783178,2.7774602993176543,5.330170192940773,3.5790395093549625,38.00132272830157,6.0849367315079785
171205.0,0.4976325863071802,5.04975246918104,1.9981609191512903,3.4957957942783384,6.855654600401044,34.383856795747484,5.963129048241117
11042.0,0.4910575863133938,5.627314338711377,2.4012667222416235,5.328945563496917,8.19293494460538,37.07026150131283,6.264097685249518
164920.0,0.4970926415014125,6.2048368229954285,1.0910894511799618,3.891994225023856,8.112855295925817,36.823201927257664,5.777936296723107
169237.0,0.3386884284293705,1.5811388300841898,2.1213203435596424,3.3615472627943217,8.082903768654761,38.60034495980629,5.457663992651478
73491.0,0.4873747053779782,6.4935865795927175,1.9978343252987696,2.7000080166627822,8.455204089226719,34.66667454709508,6.41261439614556
112217.0,0.5068698018697019,1.2909944487358056,1.2909944487358056,4.69041575982343,5.131601439446884,40.01009488001362,7.644337606091024
16984.0,0.4901781304202934,2.160246899469287,1.7182493859684491,4.259443290250164,9.375499986667377,35.781497005439995,6.859564358500164
6199.0,0.4129065309227846,2.160246899469287,1.772810520855837,3.338091841585121,8.294576541331088,41.10648255204304,5.6340844687862495
115546.0,0.3606860941820211,13.133925536563696,1.7503246452119567,3.379677828169753,4.751488027744705,38.78918242758763,6.1251262613248825
34617.0,0.4777488652461434,4.183300132670378,1.384768001357057,3.361056871982873,11.236958252535725,38.65464740734584,6.265141804480147
191072.0,0.4217411678366499,1.8708286933869709,1.3291601358251257,2.073644135332772,11.726039399558575,40.09274378955827,6.6757291344934115
4341.0,0.5043668951391245,3.3166247903554,2.385562636132007,2.7001683449202,10.69007847388305,39.22396849419367,6.220496867677706
145961.0,0.3776460693653845,29.011491975882016,1.4146063449281954,2.9180559461824065,1.722084233837373,32.900348213597525,5.9360980788778255
10089.0,0.4671765921511566,1.5811388300841898,1.51657508881031,3.271085446759225,14.5,37.971348847958154,6.258860386151247
89348.0,0.4811836080375909,5.916079783099617,1.7554426642213128,5.453149741687199,9.180133648328306,34.50165669066427,6.225952014380616
165563.0,0.3908679799852859,3.027650354097492,2.011080417199781,3.2727833889689535,8.038103701191663,35.12792472622167,6.374336658207487
102582.0,0.4725309370225205,6.2048368229954285,1.5811388300841898,3.8938290617212212,7.293833011524187,36.27565558891799,6.015163723206309
69238.0,0.4954336943068623,3.6055512754639887,2.2896340848319503,2.9063670960444234,10.54341673100501,29.284098151700093,7.324003388927783
21251.0,0.4920323923679757,11.97914855071094,2.5792322548367457,4.1916001950474655,4.965973966494129,35.778103452081254,6.023257997593023
8088.0,0.4712514425207864,3.027650354097492,1.9888578520235063,4.402019738458447,11.82159041753689,37.46008781665979,6.561233620953759
203871.0,0.4277926319464985,1.8708286933869709,2.1602468994692865,2.6394443859772205,9.016651263079881,43.884776704155925,5.224624703909679
18002.0,0.4809288065886706,2.449489742783178,1.9226098333849675,1.8468119248354136,11.015141094572202,35.48158029629713,6.504263490079956
17959.0,0.4448330561867541,2.449489742783178,2.748376143938713,4.0620192023179795,8.58015428876705,41.324461049113495,5.639915068093548
16827.0,0.5104177855340405,1.2909944487358056,3.0,2.8722813232690143,9.814954576223636,12.3715215496941,4.242640687119285
