uids,Acc. with ordered,Acc. with num,Acc. with dow,Acc. with hod,Acc. with dspo,Acc. with aisle,Acc. with dep
183213,0.7777777777777778,1.0,1.0,0.8888888888888888,1.0,0.0,0.1111111111111111
51522,0.9189189189189191,0.9189189189189191,1.0,0.9189189189189191,0.972972972972973,0.945945945945946,1.0
106239,0.9130434782608696,0.9565217391304348,1.0,0.6956521739130435,1.0,0.9565217391304348,0.9130434782608696
140560,0.6896551724137931,1.0,0.8965517241379308,1.0,0.9655172413793104,0.7586206896551724,0.27586206896551724
100814,0.25,0.75,1.0,1.0,1.0,0.75,0.5
154365,0.9375,0.875,1.0,0.8125,0.8125,0.9166666666666666,0.9583333333333334
94588,0.8421052631578947,0.912280701754386,1.0,0.9298245614035088,1.0,0.9473684210526316,0.9473684210526316
56744,0.975609756097561,0.8048780487804879,0.9268292682926829,0.975609756097561,0.8048780487804879,1.0,0.975609756097561
142367,0.5,1.0,1.0,1.0,1.0,0.2857142857142857,0.9285714285714286
96873,0.9166666666666666,1.0,0.9166666666666666,1.0,1.0,0.3333333333333333,0.75
6628,0.7272727272727273,1.0,0.9090909090909092,0.7272727272727273,0.9090909090909092,0.7272727272727273,0.8181818181818182
50123,0.8947368421052632,0.5263157894736842,1.0,0.631578947368421,0.9473684210526316,0.9473684210526316,0.6842105263157895
158954,0.9,1.0,0.9,0.8,0.7,1.0,0.9
62410,0.4615384615384616,1.0,1.0,1.0,1.0,0.6153846153846154,0.6153846153846154
7332,0.7222222222222222,1.0,1.0,1.0,1.0,0.2777777777777778,0.8888888888888888
162675,0.8285714285714286,0.8571428571428571,0.9714285714285714,0.8571428571428571,0.9714285714285714,0.8857142857142857,0.08571428571428573
89979,0.9090909090909092,1.0,1.0,1.0,1.0,0.8181818181818182,0.8181818181818182
172652,0.4615384615384616,0.6153846153846154,0.9230769230769232,0.7692307692307693,1.0,0.9230769230769232,1.0
63727,0.9090909090909092,1.0,0.9545454545454546,1.0,1.0,1.0,1.0
136381,0.9333333333333332,1.0,1.0,1.0,1.0,0.8666666666666667,0.8666666666666667
184481,0.8571428571428571,1.0,1.0,1.0,1.0,0.8095238095238095,0.8571428571428571
174128,1.0,0.9,1.0,0.8,0.9,0.8,0.95
187647,1.0,1.0,1.0,1.0,1.0,0.7272727272727273,0.8181818181818182
54700,0.9090909090909092,0.9696969696969696,1.0,0.8787878787878788,0.9393939393939394,0.9696969696969696,0.9090909090909092
74869,0.7142857142857143,0.9523809523809524,0.9047619047619048,0.8571428571428571,0.8571428571428571,0.7619047619047619,0.8095238095238095
92686,0.6363636363636364,1.0,1.0,0.8484848484848485,0.8484848484848485,0.6363636363636364,0.9393939393939394
155635,0.7741935483870968,1.0,1.0,0.967741935483871,1.0,0.7741935483870968,0.6451612903225806
119416,0.7317073170731707,0.951219512195122,1.0,0.9268292682926829,1.0,0.8292682926829268,0.2195121951219512
76795,0.5714285714285714,1.0,0.8571428571428571,0.8571428571428571,0.8571428571428571,0.0,0.14285714285714285
35137,0.5833333333333334,1.0,1.0,1.0,0.9166666666666666,0.3333333333333333,0.5
187464,0.7647058823529411,1.0,0.9411764705882352,0.8235294117647058,0.8823529411764706,0.35294117647058826,0.5294117647058824
46852,0.7758620689655172,0.8965517241379308,1.0,0.9655172413793104,1.0,0.9655172413793104,0.913793103448276
97963,0.8888888888888888,0.7777777777777778,0.7777777777777778,1.0,1.0,0.8888888888888888,0.0
160684,0.17647058823529413,1.0,1.0,1.0,0.8823529411764706,0.7058823529411765,0.05882352941176471
174175,1.0,0.9166666666666666,1.0,0.9166666666666666,0.9722222222222222,0.16666666666666666,0.75
159509,0.9090909090909092,0.8181818181818182,1.0,1.0,1.0,0.18181818181818185,0.7272727272727273
194586,0.5,1.0,1.0,1.0,1.0,0.5,0.3
94909,0.8947368421052632,0.9473684210526316,1.0,0.7368421052631579,0.7894736842105263,0.9473684210526316,0.8421052631578947
168326,0.6428571428571429,1.0,1.0,1.0,1.0,0.2857142857142857,0.42857142857142855
105357,0.34375,0.96875,1.0,0.90625,1.0,0.9375,0.875
44671,0.8461538461538461,0.6153846153846154,0.9230769230769232,0.7692307692307693,0.9230769230769232,0.9230769230769232,0.8461538461538461
135770,0.8421052631578947,0.631578947368421,1.0,1.0,0.6842105263157895,0.10526315789473684,0.10526315789473684
14832,0.75,1.0,0.75,0.75,1.0,0.0,0.75
2531,0.9534883720930232,0.813953488372093,1.0,0.8837209302325582,1.0,1.0,0.9767441860465116
122101,0.7272727272727273,0.9545454545454546,0.9318181818181818,0.8409090909090909,1.0,0.9090909090909092,0.8863636363636364
144697,0.8620689655172413,0.7241379310344828,0.9310344827586208,0.7586206896551724,0.9310344827586208,0.8965517241379308,0.7586206896551724
134175,0.7692307692307693,0.9230769230769232,1.0,0.8461538461538461,0.8461538461538461,0.4615384615384616,0.5384615384615384
42375,0.875,0.75,0.875,0.625,0.75,0.875,0.875
18480,0.6875,0.9375,1.0,0.875,1.0,0.6875,0.375
48116,1.0,0.8823529411764706,0.8823529411764706,1.0,1.0,0.8235294117647058,0.8823529411764706
114398,0.8421052631578947,0.8421052631578947,0.8157894736842105,0.8947368421052632,0.8684210526315791,0.7894736842105263,0.8947368421052632
38886,0.8888888888888888,0.5555555555555556,1.0,0.8888888888888888,0.7777777777777778,0.7777777777777778,0.2222222222222222
78063,0.7857142857142857,1.0,1.0,1.0,1.0,0.5,0.5
17279,0.5,0.8333333333333334,1.0,1.0,1.0,0.6666666666666666,0.16666666666666666
200783,0.6875,0.96875,1.0,0.90625,1.0,0.75,0.78125
193015,0.813953488372093,0.9302325581395348,0.9767441860465116,0.813953488372093,0.9069767441860463,0.13953488372093026,0.7441860465116279
72609,0.8888888888888888,0.9444444444444444,0.9444444444444444,0.7777777777777778,1.0,0.1111111111111111,0.8888888888888888
123959,0.8305084745762712,0.9491525423728814,0.9830508474576272,0.9830508474576272,0.9830508474576272,0.9491525423728814,0.8644067796610171
143449,0.85,1.0,1.0,0.95,1.0,0.7,0.8
166429,0.6190476190476191,1.0,1.0,0.9523809523809524,1.0,0.2857142857142857,0.5714285714285714
18205,0.9555555555555556,0.9777777777777776,1.0,0.8666666666666667,0.8888888888888888,0.8666666666666667,0.8888888888888888
17219,0.8888888888888888,1.0,1.0,0.6666666666666666,1.0,0.7777777777777778,0.5555555555555556
52185,0.6774193548387096,1.0,1.0,1.0,1.0,0.8387096774193549,0.8387096774193549
109530,0.5909090909090909,0.9545454545454546,0.9545454545454546,1.0,1.0,0.7272727272727273,0.3181818181818182
190029,0.8571428571428571,0.9285714285714286,1.0,1.0,0.75,0.17857142857142858,0.8928571428571429
131827,0.7333333333333333,0.9333333333333332,1.0,1.0,1.0,0.8666666666666667,0.2
57945,0.5,0.875,1.0,1.0,1.0,0.375,0.625
26930,0.75,1.0,1.0,0.9166666666666666,1.0,0.75,0.16666666666666666
126406,0.8,1.0,1.0,0.8,0.8,0.8,0.2
167625,0.9,1.0,1.0,1.0,1.0,0.9,0.85
23301,1.0,0.6666666666666666,1.0,0.8,0.9333333333333332,0.7333333333333333,0.6666666666666666
153365,0.8,1.0,1.0,1.0,1.0,0.7333333333333333,0.7333333333333333
98016,0.8933333333333333,1.0,1.0,1.0,0.96,0.12,0.9066666666666666
138053,0.8571428571428571,1.0,1.0,0.9523809523809524,0.8095238095238095,0.8571428571428571,0.8571428571428571
149718,1.0,1.0,1.0,0.4444444444444444,1.0,0.8888888888888888,0.4444444444444444
175754,0.631578947368421,0.8947368421052632,1.0,1.0,0.6842105263157895,0.8947368421052632,0.8947368421052632
148713,0.5333333333333333,1.0,1.0,1.0,1.0,0.26666666666666666,0.5333333333333333
49596,0.95,1.0,1.0,0.95,0.95,0.9,0.9
81828,0.9655172413793104,0.8850574712643678,0.9885057471264368,0.9770114942528736,0.9770114942528736,0.9655172413793104,0.9885057471264368
74591,0.7391304347826086,0.8695652173913043,0.9130434782608696,0.9565217391304348,0.9130434782608696,0.7826086956521741,0.7826086956521741
148587,0.9285714285714286,1.0,1.0,1.0,0.8571428571428571,0.2857142857142857,0.8571428571428571
76440,0.9523809523809524,1.0,1.0,1.0,1.0,0.7142857142857143,0.8095238095238095
177753,0.8888888888888888,1.0,0.8333333333333334,0.8333333333333334,0.9444444444444444,0.9444444444444444,0.8888888888888888
92322,1.0,0.6666666666666666,0.6666666666666666,0.6666666666666666,0.6666666666666666,0.3333333333333333,0.3333333333333333
93381,0.7142857142857143,1.0,1.0,1.0,1.0,0.7142857142857143,0.6428571428571429
12022,0.76,0.96,0.88,0.92,0.72,0.8,0.88
52302,0.813953488372093,0.8837209302325582,0.9767441860465116,0.9302325581395348,0.9534883720930232,0.813953488372093,0.813953488372093
205118,0.8888888888888888,0.9629629629629628,1.0,1.0,1.0,0.8518518518518519,0.8518518518518519
28435,0.875,1.0,0.9583333333333334,1.0,1.0,0.25,0.9166666666666666
10457,0.9230769230769232,1.0,1.0,1.0,1.0,0.7692307692307693,0.6153846153846154
145449,0.25,1.0,0.75,1.0,0.5,0.75,0.75
60752,0.6923076923076923,0.9230769230769232,0.9230769230769232,1.0,1.0,0.5384615384615384,0.5384615384615384
153940,0.7692307692307693,1.0,1.0,1.0,1.0,0.0,0.4615384615384616
139010,0.8333333333333334,1.0,0.8333333333333334,1.0,1.0,0.0,0.6666666666666666
150831,0.5,1.0,0.75,1.0,1.0,0.25,0.25
171994,0.8333333333333334,1.0,1.0,0.9666666666666668,0.9666666666666668,0.6333333333333333,0.3
127706,0.875,1.0,1.0,1.0,1.0,0.875,0.8125
189615,0.5,1.0,1.0,0.75,0.75,0.25,0.5
62940,1.0,1.0,1.0,1.0,0.8333333333333334,0.0,0.16666666666666666
93690,0.8620689655172413,0.9655172413793104,1.0,1.0,0.9655172413793104,0.8965517241379308,0.8620689655172413
182952,0.8571428571428571,0.9642857142857144,1.0,0.8928571428571429,0.75,0.8928571428571429,0.8928571428571429
87614,0.7307692307692307,0.9230769230769232,1.0,0.8846153846153846,1.0,0.8461538461538461,0.3076923076923077
86960,0.8125,0.9625,0.9625,0.975,0.9625,0.825,0.8375
99100,0.6,1.0,1.0,1.0,0.9,0.7,0.9
204156,0.75,0.875,0.75,1.0,0.875,0.875,0.875
64639,0.8076923076923077,1.0,1.0,1.0,1.0,0.9230769230769232,0.38461538461538464
72120,0.375,1.0,0.9375,1.0,1.0,0.4375,0.5625
150579,0.7636363636363637,0.7272727272727273,1.0,0.8909090909090909,0.9818181818181818,0.9090909090909092,0.9454545454545454
88526,0.8181818181818182,0.9090909090909092,0.9090909090909092,0.7272727272727273,0.8181818181818182,0.8181818181818182,0.8181818181818182
80006,0.9069767441860463,1.0,0.9069767441860463,0.9069767441860463,0.7441860465116279,0.6511627906976745,0.9302325581395348
180953,0.6666666666666666,1.0,1.0,1.0,1.0,0.5,0.3333333333333333
204122,0.8275862068965517,1.0,0.9310344827586208,0.9310344827586208,0.9310344827586208,0.7586206896551724,0.7931034482758621
113527,0.8888888888888888,0.8888888888888888,0.9444444444444444,1.0,0.7777777777777778,0.8888888888888888,0.9444444444444444
195625,0.2857142857142857,1.0,1.0,1.0,1.0,0.5,0.6428571428571429
171523,0.7826086956521741,1.0,0.8695652173913043,0.8695652173913043,0.9130434782608696,0.3478260869565217,0.7391304347826086
193386,1.0,1.0,1.0,1.0,1.0,0.5,0.6666666666666666
92234,0.8461538461538461,0.9743589743589745,0.8717948717948718,0.8461538461538461,0.9230769230769232,0.20512820512820512,0.8974358974358975
194951,0.8125,0.9895833333333334,1.0,0.9166666666666666,0.9895833333333334,0.8229166666666666,0.8125
29295,0.5454545454545454,1.0,1.0,1.0,1.0,0.2727272727272727,0.6363636363636364
103069,0.631578947368421,1.0,1.0,0.9473684210526316,1.0,0.2631578947368421,0.3684210526315789
79146,0.4,1.0,1.0,1.0,1.0,0.4,0.6
35945,0.7727272727272727,1.0,0.9545454545454546,0.9090909090909092,1.0,0.9090909090909092,0.2727272727272727
32622,0.6944444444444444,1.0,1.0,0.9722222222222222,1.0,0.8888888888888888,0.8055555555555556
36628,0.7222222222222222,0.9444444444444444,1.0,0.9722222222222222,0.9166666666666666,0.8333333333333334,0.6666666666666666
128404,1.0,1.0,0.9285714285714286,0.9285714285714286,1.0,1.0,0.5
32723,0.9523809523809524,0.8571428571428571,0.9523809523809524,0.8571428571428571,0.9523809523809524,0.9523809523809524,0.9047619047619048
134847,0.8833333333333333,0.9666666666666668,1.0,0.9,0.9333333333333332,0.9666666666666668,0.9
13225,0.8787878787878788,1.0,1.0,0.8484848484848485,1.0,0.9090909090909092,0.8181818181818182
35127,0.8333333333333334,1.0,1.0,0.9166666666666666,1.0,0.9166666666666666,1.0
80811,0.9454545454545454,0.9090909090909092,0.9818181818181818,0.8909090909090909,1.0,0.9272727272727272,0.9272727272727272
192273,0.5555555555555556,1.0,1.0,1.0,1.0,0.6666666666666666,0.6666666666666666
138163,0.5789473684210527,0.9473684210526316,0.9473684210526316,0.9736842105263158,1.0,0.9210526315789472,0.8947368421052632
70761,0.8333333333333334,0.8333333333333334,1.0,1.0,1.0,0.3333333333333333,0.6666666666666666
32861,0.5217391304347826,1.0,1.0,1.0,1.0,0.5217391304347826,0.17391304347826084
64490,0.4,0.4,1.0,1.0,0.4,0.8,0.8
194186,0.13333333333333333,1.0,1.0,1.0,1.0,0.26666666666666666,0.3333333333333333
130484,0.7142857142857143,1.0,1.0,1.0,1.0,0.7142857142857143,0.2857142857142857
72281,0.6551724137931034,0.7586206896551724,0.8965517241379308,0.8275862068965517,0.8620689655172413,0.8275862068965517,0.20689655172413796
23122,0.5217391304347826,0.9130434782608696,0.9130434782608696,0.8695652173913043,0.8695652173913043,0.8695652173913043,0.8695652173913043
124534,0.8918918918918919,0.8648648648648649,1.0,0.945945945945946,0.9189189189189191,0.945945945945946,0.945945945945946
41217,0.5714285714285714,0.7142857142857143,0.9285714285714286,0.7857142857142857,1.0,0.8571428571428571,0.7857142857142857
141859,1.0,1.0,1.0,1.0,1.0,0.7777777777777778,0.8888888888888888
13899,0.8,0.9,0.8,1.0,0.8,0.7,0.4
159753,0.95,0.9166666666666666,0.9666666666666668,1.0,0.9,0.9666666666666668,0.9833333333333332
125229,0.9444444444444444,0.75,0.8888888888888888,0.8611111111111112,0.9444444444444444,0.9166666666666666,0.05555555555555555
201625,0.9333333333333332,0.8666666666666667,1.0,1.0,0.8666666666666667,0.9333333333333332,0.8666666666666667
188177,0.8260869565217391,0.9565217391304348,1.0,1.0,0.9130434782608696,0.17391304347826084,0.9130434782608696
114768,0.9333333333333332,0.8666666666666667,1.0,0.9333333333333332,1.0,0.8666666666666667,0.8666666666666667
172163,0.8888888888888888,0.7777777777777778,1.0,0.6666666666666666,0.5555555555555556,0.7777777777777778,0.7777777777777778
41152,0.6666666666666666,1.0,0.7777777777777778,0.8888888888888888,1.0,0.7777777777777778,0.7777777777777778
82007,0.7692307692307693,1.0,1.0,1.0,0.9743589743589745,0.7179487179487181,0.7948717948717948
202071,0.8571428571428571,1.0,1.0,1.0,1.0,0.7142857142857143,0.9285714285714286
137560,0.8461538461538461,1.0,1.0,1.0,0.8461538461538461,0.2307692307692308,0.5384615384615384
95696,0.875,0.625,1.0,1.0,0.875,1.0,0.875
140806,0.8166666666666667,0.9166666666666666,0.9833333333333332,0.9333333333333332,0.9666666666666668,0.95,0.9833333333333332
48342,0.8333333333333334,1.0,1.0,1.0,0.8888888888888888,0.3333333333333333,0.2777777777777778
192496,0.6,1.0,1.0,0.4,1.0,0.8,0.8
49520,1.0,1.0,1.0,1.0,0.8888888888888888,0.2222222222222222,0.8888888888888888
129414,0.5,1.0,0.9444444444444444,0.8333333333333334,1.0,0.5,0.6111111111111112
189231,0.8571428571428571,0.8571428571428571,1.0,0.5714285714285714,0.7142857142857143,0.7142857142857143,0.8571428571428571
127892,0.8205128205128205,0.8974358974358975,1.0,0.8974358974358975,0.9487179487179488,0.8461538461538461,0.9230769230769232
193179,0.7307692307692307,0.9615384615384616,1.0,0.8653846153846154,1.0,0.9230769230769232,0.9423076923076924
51525,0.8333333333333334,0.8333333333333334,1.0,1.0,1.0,0.0,0.6666666666666666
90184,0.9230769230769232,1.0,0.9807692307692308,1.0,1.0,0.9230769230769232,1.0
105076,0.8333333333333334,0.5,1.0,0.5,0.9166666666666666,0.8333333333333334,0.75
58973,0.9019607843137256,0.9607843137254902,0.9411764705882352,1.0,1.0,0.8823529411764706,0.7254901960784313
17502,0.9285714285714286,1.0,1.0,0.9285714285714286,0.8571428571428571,0.35714285714285715,0.14285714285714285
137773,0.2222222222222222,0.5555555555555556,0.5555555555555556,0.6666666666666666,0.8888888888888888,0.7777777777777778,0.7777777777777778
81872,0.6470588235294118,1.0,1.0,0.8823529411764706,1.0,0.7058823529411765,0.8235294117647058
130883,1.0,1.0,1.0,0.8,1.0,0.2,0.9
163952,1.0,1.0,1.0,1.0,1.0,0.7142857142857143,0.5714285714285714
100415,0.8275862068965517,0.9655172413793104,0.9655172413793104,0.9310344827586208,1.0,0.8965517241379308,0.8275862068965517
108054,1.0,1.0,1.0,1.0,1.0,0.7777777777777778,0.7777777777777778
198990,0.9672131147540984,0.8032786885245902,0.9836065573770492,0.9508196721311476,0.9836065573770492,0.9836065573770492,0.9836065573770492
94580,0.6046511627906976,1.0,1.0,1.0,0.9767441860465116,0.8372093023255814,0.7209302325581395
187941,1.0,1.0,1.0,1.0,1.0,0.0,0.8571428571428571
13325,0.4705882352941176,1.0,1.0,0.9411764705882352,1.0,0.4705882352941176,0.6470588235294118
20963,0.8888888888888888,0.5555555555555556,0.7777777777777778,0.7777777777777778,0.8888888888888888,1.0,0.8888888888888888
68735,0.8,1.0,0.9333333333333332,1.0,1.0,0.6666666666666666,0.6666666666666666
81339,1.0,0.75,1.0,0.75,0.75,0.75,0.75
72119,0.9375,1.0,0.9375,0.875,1.0,0.9375,0.0625
11307,0.873015873015873,0.9365079365079364,1.0,1.0,0.9682539682539684,0.047619047619047616,0.9523809523809524
135613,0.5,0.9,1.0,1.0,1.0,0.9,0.6
88872,0.7647058823529411,1.0,1.0,0.9411764705882352,1.0,0.7058823529411765,0.8235294117647058
106267,0.8409090909090909,0.9772727272727272,0.9772727272727272,1.0,1.0,0.9090909090909092,0.8863636363636364
28334,0.7272727272727273,0.9696969696969696,1.0,0.9696969696969696,1.0,0.7878787878787878,0.696969696969697
49860,0.5294117647058824,0.8823529411764706,1.0,1.0,1.0,0.8235294117647058,0.5882352941176471
191324,0.9166666666666666,1.0,0.9583333333333334,0.875,0.7916666666666666,0.9583333333333334,0.9583333333333334
165983,0.9090909090909092,0.9545454545454546,1.0,0.8636363636363636,0.9090909090909092,0.9545454545454546,0.9090909090909092
130493,0.6666666666666666,1.0,1.0,1.0,1.0,0.3333333333333333,0.6666666666666666
134297,0.85,0.85,1.0,0.95,0.8,0.85,0.85
87309,0.4090909090909091,0.9090909090909092,1.0,0.7727272727272727,0.8181818181818182,0.09090909090909093,0.9090909090909092
195322,0.9555555555555556,1.0,0.9555555555555556,1.0,0.9777777777777776,0.9555555555555556,0.9777777777777776
148382,0.4166666666666667,0.6666666666666666,0.9166666666666666,0.6666666666666666,0.75,0.8333333333333334,0.0
172843,0.7777777777777778,0.7777777777777778,0.7777777777777778,1.0,0.7777777777777778,0.6666666666666666,0.6666666666666666
199852,0.6153846153846154,1.0,1.0,0.9230769230769232,1.0,0.2307692307692308,0.5384615384615384
36762,0.6363636363636364,0.8636363636363636,1.0,0.9545454545454546,1.0,0.2272727272727273,0.6818181818181818
3224,0.6923076923076923,0.7692307692307693,0.8461538461538461,0.9230769230769232,0.9230769230769232,0.9230769230769232,0.7692307692307693
73996,0.7857142857142857,1.0,0.9285714285714286,0.8571428571428571,1.0,0.8571428571428571,0.21428571428571427
143685,0.5,1.0,1.0,1.0,0.75,0.25,0.75
131498,0.027777777777777776,0.8611111111111112,0.9722222222222222,0.8888888888888888,0.9444444444444444,1.0,0.9722222222222222
99618,0.8529411764705882,0.9411764705882352,1.0,0.9411764705882352,0.9117647058823528,0.0,1.0
58546,0.8571428571428571,0.7142857142857143,0.8571428571428571,0.7142857142857143,0.8571428571428571,0.8571428571428571,0.8571428571428571
203763,0.625,0.875,1.0,0.75,1.0,0.625,0.625
132729,0.8333333333333334,0.9583333333333334,0.9583333333333334,0.9166666666666666,1.0,0.875,0.9583333333333334
46012,0.875,1.0,0.9821428571428572,1.0,0.9821428571428572,0.875,0.8928571428571429
4401,0.7692307692307693,1.0,1.0,0.8846153846153846,1.0,0.6538461538461539,0.15384615384615385
16350,0.875,0.75,1.0,0.75,1.0,0.5,0.625
154277,0.75,0.5,0.5,0.5,0.75,0.25,0.25
14192,0.7631578947368421,0.9736842105263158,1.0,1.0,0.9736842105263158,0.8421052631578947,0.7894736842105263
2353,0.6,0.8,1.0,1.0,1.0,0.4,0.4
163277,1.0,1.0,1.0,1.0,1.0,0.8,0.6
118979,0.8888888888888888,1.0,1.0,1.0,1.0,0.5555555555555556,0.6666666666666666
42296,0.4,1.0,1.0,0.6,0.8,0.4,0.4
137929,1.0,1.0,1.0,1.0,1.0,0.5,0.5
6845,0.9285714285714286,1.0,1.0,0.7857142857142857,1.0,0.6428571428571429,0.7142857142857143
90097,1.0,1.0,1.0,1.0,0.875,0.375,0.375
91845,0.8888888888888888,1.0,0.8888888888888888,1.0,1.0,0.3333333333333333,0.2222222222222222
142340,0.9333333333333332,1.0,1.0,0.6,1.0,0.26666666666666666,0.8666666666666667
195072,0.7142857142857143,0.7142857142857143,0.7142857142857143,0.8571428571428571,1.0,0.8571428571428571,0.8571428571428571
170280,0.8571428571428571,0.8367346938775511,0.8979591836734694,0.9183673469387756,0.8979591836734694,0.8571428571428571,0.8571428571428571
54853,0.4375,1.0,1.0,1.0,0.9375,0.5625,0.5625
86480,0.8536585365853658,0.9268292682926829,0.9268292682926829,0.8048780487804879,0.951219512195122,0.951219512195122,0.5609756097560976
16868,0.68,1.0,1.0,1.0,1.0,0.8,0.84
24389,1.0,0.7307692307692307,1.0,0.8076923076923077,0.9615384615384616,1.0,0.9615384615384616
10086,0.5714285714285714,1.0,0.8571428571428571,0.7142857142857143,1.0,0.7142857142857143,0.5714285714285714
77746,0.9230769230769232,0.8846153846153846,0.9615384615384616,0.8846153846153846,0.9615384615384616,1.0,0.9615384615384616
144919,1.0,1.0,1.0,1.0,1.0,0.6666666666666666,0.6666666666666666
87649,0.8125,0.8125,1.0,1.0,0.875,0.9375,0.875
151165,0.8571428571428571,0.9285714285714286,0.9285714285714286,0.8571428571428571,0.8571428571428571,0.9285714285714286,0.9285714285714286
141885,0.9,1.0,1.0,1.0,0.95,0.85,0.9
142505,0.5555555555555556,1.0,1.0,1.0,1.0,0.6666666666666666,0.1111111111111111
1397,0.9090909090909092,0.9090909090909092,1.0,1.0,1.0,0.8181818181818182,1.0
751,0.75,1.0,1.0,1.0,1.0,0.5,0.25
124140,0.5,1.0,1.0,0.8333333333333334,1.0,0.3333333333333333,0.3333333333333333
55864,0.9166666666666666,0.5,1.0,0.5833333333333334,0.5833333333333334,0.9166666666666666,0.9166666666666666
5499,0.8666666666666667,1.0,0.9333333333333332,0.8666666666666667,0.9333333333333332,0.9333333333333332,0.9333333333333332
4696,0.6111111111111112,0.8888888888888888,0.9444444444444444,0.8333333333333334,0.7777777777777778,0.6666666666666666,0.7222222222222222
125242,0.75,0.75,0.625,0.625,0.75,0.75,0.875
80925,0.42857142857142855,1.0,1.0,1.0,0.8571428571428571,0.7142857142857143,0.5714285714285714
42767,0.42857142857142855,1.0,1.0,1.0,1.0,0.8571428571428571,0.5714285714285714
68407,0.9420289855072465,0.9565217391304348,0.9855072463768116,1.0,1.0,0.8695652173913043,0.8840579710144928
37234,0.75,1.0,0.5,1.0,1.0,0.25,0.75
127074,0.875,1.0,1.0,1.0,1.0,0.6875,0.375
197394,0.9743589743589745,0.8205128205128205,0.9743589743589745,0.8974358974358975,0.9743589743589745,1.0,0.9487179487179488
166851,0.7777777777777778,1.0,1.0,0.8888888888888888,0.8888888888888888,0.7222222222222222,0.2777777777777778
188067,0.8529411764705882,0.8235294117647058,0.9411764705882352,0.8235294117647058,1.0,0.9117647058823528,0.8529411764705882
6151,0.8571428571428571,1.0,1.0,1.0,1.0,0.21428571428571427,0.7142857142857143
69675,0.9056603773584906,0.9245283018867924,0.981132075471698,0.9245283018867924,0.9056603773584906,0.9622641509433962,0.9433962264150944
195166,0.6666666666666666,0.9333333333333332,1.0,1.0,1.0,0.13333333333333333,0.6
49838,0.5,0.9,0.8,1.0,0.8,0.7,0.35
54512,0.8125,1.0,1.0,1.0,1.0,0.03125,0.9375
105229,0.7857142857142857,1.0,0.9285714285714286,0.9285714285714286,0.9285714285714286,0.9285714285714286,0.7857142857142857
135926,0.5454545454545454,1.0,1.0,1.0,1.0,0.5,0.5
91157,0.75,0.5,0.5,0.75,1.0,0.75,1.0
16145,0.75,0.9375,0.8125,1.0,0.875,0.9375,0.9375
115761,0.7804878048780488,0.902439024390244,0.951219512195122,0.951219512195122,0.975609756097561,0.951219512195122,0.24390243902439024
135510,0.9090909090909092,0.9090909090909092,1.0,0.9090909090909092,1.0,0.5454545454545454,0.7272727272727273
108659,0.7272727272727273,1.0,1.0,0.9090909090909092,1.0,0.6363636363636364,0.3636363636363637
119613,0.8571428571428571,1.0,1.0,1.0,0.8571428571428571,0.2857142857142857,0.5714285714285714
193736,0.8,0.9,0.85,1.0,0.9,0.8,0.8
50813,0.8695652173913043,1.0,0.9130434782608696,0.8695652173913043,0.8695652173913043,0.7826086956521741,0.6086956521739131
193868,0.7818181818181819,1.0,1.0,0.9636363636363636,1.0,0.9272727272727272,0.8545454545454545
46974,0.7222222222222222,1.0,1.0,0.9444444444444444,0.9722222222222222,0.6944444444444444,0.4166666666666667
196025,0.8,1.0,1.0,1.0,1.0,0.75,0.7
82734,0.8181818181818182,1.0,1.0,1.0,0.9090909090909092,0.4545454545454545,0.3636363636363637
38449,0.4545454545454545,0.8181818181818182,1.0,0.8181818181818182,0.8181818181818182,0.6363636363636364,0.2727272727272727
205149,1.0,1.0,1.0,1.0,1.0,0.5384615384615384,0.6923076923076923
205181,0.8260869565217391,0.9565217391304348,1.0,1.0,1.0,0.8695652173913043,0.8695652173913043
197657,0.8333333333333334,0.8333333333333334,0.875,0.875,0.9166666666666666,0.9166666666666666,0.9166666666666666
118816,0.8620689655172413,0.9655172413793104,1.0,1.0,1.0,0.8620689655172413,0.4827586206896552
25053,0.5,0.5,0.5,0.0,0.5,0.5,0.5
206184,0.9090909090909092,1.0,1.0,1.0,1.0,0.7272727272727273,0.5454545454545454
62051,1.0,0.6,0.8,0.2,0.6,0.6,1.0
74800,0.9444444444444444,0.9814814814814816,1.0,0.9444444444444444,1.0,0.9629629629629628,0.05555555555555555
14569,0.75,0.9166666666666666,1.0,0.8333333333333334,1.0,0.3333333333333333,0.08333333333333333
186704,0.9304347826086956,0.9130434782608696,1.0,0.991304347826087,0.982608695652174,0.8782608695652174,0.9478260869565216
158846,0.9166666666666666,0.8333333333333334,1.0,0.6666666666666666,0.9166666666666666,0.9166666666666666,0.75
166794,0.6923076923076923,0.6153846153846154,0.9230769230769232,0.6923076923076923,0.9230769230769232,1.0,1.0
186866,0.8947368421052632,1.0,0.9473684210526316,0.8947368421052632,1.0,0.8421052631578947,0.7894736842105263
156622,0.4166666666666667,1.0,1.0,1.0,1.0,0.16666666666666666,0.5833333333333334
187072,0.5,1.0,1.0,1.0,1.0,0.5555555555555556,0.3888888888888889
109843,1.0,1.0,1.0,1.0,1.0,0.5,0.16666666666666666
4836,0.4,1.0,1.0,1.0,1.0,0.6666666666666666,0.4666666666666667
141967,0.9333333333333332,1.0,1.0,0.8666666666666667,1.0,0.7333333333333333,0.7333333333333333
87302,0.6666666666666666,1.0,1.0,1.0,1.0,0.3333333333333333,0.4666666666666667
182990,0.8571428571428571,1.0,1.0,1.0,1.0,0.42857142857142855,0.42857142857142855
1665,0.9230769230769232,0.8461538461538461,1.0,0.7692307692307693,0.9230769230769232,0.0,0.9230769230769232
109778,0.7948717948717948,1.0,1.0,0.9743589743589745,0.9743589743589745,0.8974358974358975,0.8461538461538461
112920,0.8333333333333334,0.9444444444444444,0.8333333333333334,0.8888888888888888,0.7222222222222222,0.16666666666666666,0.7777777777777778
142603,0.9189189189189191,0.8648648648648649,1.0,0.945945945945946,1.0,0.9189189189189191,0.9594594594594594
81423,1.0,1.0,0.6666666666666666,1.0,0.6666666666666666,0.3333333333333333,0.3333333333333333
3953,0.7272727272727273,1.0,1.0,1.0,1.0,0.8181818181818182,0.9090909090909092
109345,0.8888888888888888,1.0,1.0,0.925925925925926,0.7037037037037037,0.925925925925926,0.925925925925926
25085,1.0,0.7941176470588235,1.0,0.9411764705882352,0.9705882352941176,0.9705882352941176,0.8823529411764706
6240,0.5769230769230769,0.7307692307692307,0.8461538461538461,0.9230769230769232,0.9230769230769232,0.6923076923076923,0.7307692307692307
121551,0.7241379310344828,1.0,0.9655172413793104,1.0,0.9655172413793104,0.7586206896551724,0.7586206896551724
182104,0.7058823529411765,1.0,0.7647058823529411,1.0,0.8823529411764706,0.2352941176470588,0.6470588235294118
51882,0.4375,1.0,1.0,1.0,1.0,0.4375,0.4375
50633,0.3333333333333333,0.6666666666666666,0.3333333333333333,1.0,1.0,0.3333333333333333,0.3333333333333333
133228,0.4615384615384616,1.0,1.0,1.0,0.8461538461538461,0.38461538461538464,0.9230769230769232
143954,0.625,1.0,0.9583333333333334,0.9583333333333334,1.0,0.7916666666666666,0.7083333333333334
101866,0.7142857142857143,1.0,1.0,1.0,1.0,0.7142857142857143,0.6428571428571429
31614,0.7333333333333333,1.0,0.8666666666666667,1.0,0.9333333333333332,0.7333333333333333,0.5333333333333333
49614,0.8,1.0,1.0,0.92,1.0,0.88,0.16
11825,0.5714285714285714,0.7142857142857143,0.8571428571428571,1.0,0.7142857142857143,0.5714285714285714,0.5714285714285714
167245,0.7619047619047619,0.7619047619047619,1.0,0.9047619047619048,0.8571428571428571,0.2380952380952381,0.7142857142857143
24645,0.6666666666666666,1.0,1.0,1.0,1.0,0.4444444444444444,0.4444444444444444
193064,0.8571428571428571,1.0,1.0,1.0,1.0,0.5714285714285714,0.7142857142857143
172582,0.3333333333333333,1.0,1.0,1.0,1.0,0.5833333333333334,0.5833333333333334
104965,0.8333333333333334,0.8333333333333334,1.0,1.0,1.0,0.8333333333333334,1.0
191587,0.7142857142857143,0.9642857142857144,1.0,1.0,1.0,0.14285714285714285,0.75
39525,0.8235294117647058,1.0,1.0,1.0,0.7647058823529411,0.7647058823529411,0.8235294117647058
114842,0.4444444444444444,0.9444444444444444,1.0,1.0,1.0,0.8333333333333334,0.6666666666666666
182466,0.7619047619047619,0.9523809523809524,1.0,1.0,0.8571428571428571,0.9523809523809524,0.8095238095238095
61967,0.6666666666666666,1.0,1.0,1.0,1.0,0.5833333333333334,0.6666666666666666
161730,0.8478260869565217,1.0,0.9782608695652174,0.9130434782608696,0.9782608695652174,0.8695652173913043,0.9782608695652174
123375,1.0,0.6666666666666666,1.0,1.0,1.0,1.0,0.6666666666666666
89568,0.9344262295081968,0.9344262295081968,0.9836065573770492,1.0,0.9672131147540984,0.8852459016393442,0.9672131147540984
85597,0.9166666666666666,1.0,1.0,0.8333333333333334,1.0,0.25,0.3333333333333333
122107,0.6666666666666666,1.0,1.0,0.9166666666666666,1.0,0.75,0.8333333333333334
48182,0.8571428571428571,0.8571428571428571,0.9047619047619048,0.7142857142857143,1.0,0.8095238095238095,0.7142857142857143
106200,1.0,0.8,0.6666666666666666,0.8666666666666667,0.7333333333333333,0.9333333333333332,1.0
71876,0.7346938775510204,1.0,1.0,1.0,0.979591836734694,0.9183673469387756,0.8571428571428571
153751,0.6086956521739131,1.0,1.0,1.0,1.0,0.8260869565217391,0.6521739130434783
170599,0.6666666666666666,1.0,1.0,0.8666666666666667,1.0,0.8,0.4
161169,1.0,1.0,0.8571428571428571,1.0,0.8571428571428571,0.2857142857142857,0.8571428571428571
143375,1.0,1.0,0.75,1.0,1.0,0.5,1.0
110074,0.5,0.8333333333333334,1.0,1.0,0.8333333333333334,0.3333333333333333,0.16666666666666666
97606,0.4,1.0,1.0,1.0,1.0,0.6,0.5
30076,0.75,1.0,0.9166666666666666,1.0,0.9166666666666666,0.3333333333333333,0.6666666666666666
23147,0.8,1.0,1.0,1.0,1.0,0.0,0.8
61762,0.9090909090909092,1.0,1.0,1.0,0.8636363636363636,0.9545454545454546,0.9090909090909092
11451,0.4615384615384616,1.0,1.0,1.0,1.0,0.2692307692307692,0.8076923076923077
123920,0.9,1.0,1.0,0.9,0.9333333333333332,0.8666666666666667,0.26666666666666666
144957,0.8,1.0,1.0,1.0,1.0,0.6,0.3
24092,0.6666666666666666,1.0,1.0,1.0,1.0,0.6666666666666666,0.3333333333333333
59447,0.6842105263157895,0.8947368421052632,0.8947368421052632,0.9473684210526316,0.8947368421052632,0.10526315789473684,0.631578947368421
198685,0.5,0.7777777777777778,1.0,1.0,0.9444444444444444,0.8333333333333334,0.6111111111111112
204522,0.8055555555555556,0.8611111111111112,1.0,0.9166666666666666,0.9166666666666666,0.1111111111111111,0.6666666666666666
16877,0.8823529411764706,1.0,0.9411764705882352,1.0,1.0,0.8823529411764706,0.8823529411764706
119886,1.0,1.0,1.0,1.0,1.0,1.0,0.5
181224,0.8888888888888888,0.8888888888888888,1.0,1.0,0.7777777777777778,0.3333333333333333,0.3333333333333333
22080,0.8055555555555556,1.0,1.0,0.9444444444444444,1.0,0.75,0.8055555555555556
188594,0.6666666666666666,0.5,1.0,0.5,0.8333333333333334,0.6666666666666666,0.0
108132,1.0,1.0,1.0,1.0,1.0,0.3333333333333333,0.3333333333333333
97784,0.8333333333333334,0.8333333333333334,0.9166666666666666,0.9166666666666666,1.0,0.75,0.8333333333333334
1407,0.3333333333333333,0.6666666666666666,1.0,0.6666666666666666,0.3333333333333333,0.6666666666666666,0.3333333333333333
44740,0.6451612903225806,1.0,0.935483870967742,0.935483870967742,1.0,0.7741935483870968,0.7741935483870968
202615,0.8333333333333334,1.0,1.0,1.0,1.0,0.75,0.3333333333333333
16910,1.0,1.0,1.0,1.0,1.0,0.5,1.0
56148,0.5454545454545454,1.0,1.0,0.8181818181818182,1.0,0.6363636363636364,0.7272727272727273
202904,0.5,1.0,1.0,1.0,1.0,0.6666666666666666,0.3333333333333333
61422,0.85,0.85,0.95,0.9,1.0,0.9,0.85
7403,0.6875,0.9375,0.9375,0.9375,0.875,0.875,0.6875
57882,0.8181818181818182,0.8181818181818182,1.0,0.9090909090909092,0.9090909090909092,0.7272727272727273,0.6363636363636364
75400,0.8035714285714286,1.0,0.9464285714285714,0.9821428571428572,1.0,0.8035714285714286,0.8214285714285714
133358,0.5,1.0,1.0,1.0,0.875,0.375,0.375
115120,0.7142857142857143,1.0,1.0,1.0,0.8571428571428571,0.7142857142857143,0.6428571428571429
148305,0.8666666666666667,1.0,1.0,1.0,0.9333333333333332,0.6,0.4666666666666667
19027,0.8181818181818182,1.0,1.0,1.0,1.0,0.4545454545454545,0.7272727272727273
81322,0.125,1.0,1.0,0.875,1.0,0.125,0.875
61584,0.5,1.0,1.0,1.0,1.0,0.75,0.5
126524,0.88,1.0,1.0,0.96,0.88,0.96,0.92
69674,0.8333333333333334,1.0,1.0,1.0,1.0,0.16666666666666666,0.5
30257,0.7368421052631579,0.7894736842105263,1.0,0.9473684210526316,1.0,1.0,0.8421052631578947
200662,0.42105263157894735,1.0,0.9473684210526316,0.8947368421052632,1.0,0.21052631578947367,0.5789473684210527
144675,0.8,0.9142857142857144,1.0,0.9714285714285714,0.8857142857142857,0.2857142857142857,0.8
12691,0.6428571428571429,1.0,1.0,1.0,1.0,0.35714285714285715,0.6428571428571429
5788,0.8421052631578947,1.0,0.9473684210526316,1.0,0.8947368421052632,0.8947368421052632,0.8421052631578947
79060,1.0,0.8888888888888888,0.8888888888888888,1.0,0.9444444444444444,0.9444444444444444,0.8888888888888888
76660,0.3333333333333333,0.6666666666666666,1.0,0.5,0.5,0.5,0.5
146060,0.7222222222222222,0.9444444444444444,1.0,1.0,0.6666666666666666,0.2777777777777778,0.5555555555555556
1858,0.6666666666666666,1.0,0.8333333333333334,1.0,0.8333333333333334,0.16666666666666666,0.8333333333333334
188740,0.9090909090909092,0.9090909090909092,0.8181818181818182,0.8181818181818182,0.8181818181818182,0.9090909090909092,0.8181818181818182
150545,0.5555555555555556,1.0,0.9444444444444444,1.0,0.8888888888888888,0.05555555555555555,1.0
152206,0.7241379310344828,1.0,1.0,1.0,1.0,0.7931034482758621,0.8275862068965517
204164,0.5625,1.0,1.0,0.96875,1.0,0.375,0.75
141496,0.6470588235294118,1.0,1.0,1.0,1.0,0.6470588235294118,0.6470588235294118
27249,1.0,1.0,1.0,1.0,1.0,0.8333333333333334,0.3333333333333333
110167,1.0,1.0,1.0,1.0,1.0,0.5714285714285714,0.5714285714285714
23510,0.75,1.0,1.0,1.0,1.0,0.375,0.6875
172828,0.7857142857142857,0.9642857142857144,0.9642857142857144,1.0,1.0,0.21428571428571427,0.7142857142857143
114428,1.0,1.0,1.0,1.0,0.9090909090909092,1.0,1.0
167866,0.9130434782608696,1.0,1.0,1.0,1.0,0.7826086956521741,0.43478260869565216
50514,0.8333333333333334,1.0,0.9333333333333332,0.9666666666666668,0.9333333333333332,0.13333333333333333,0.8666666666666667
139387,0.8571428571428571,0.8571428571428571,1.0,0.2857142857142857,1.0,0.8571428571428571,0.7142857142857143
128738,0.8,1.0,1.0,0.8,0.8,0.8,0.8
34737,0.9607843137254902,0.9215686274509804,1.0,0.9607843137254902,0.9607843137254902,0.8627450980392157,0.9019607843137256
43180,0.8695652173913043,1.0,1.0,1.0,0.9565217391304348,0.9130434782608696,0.7826086956521741
166880,0.8888888888888888,0.9629629629629628,1.0,0.9629629629629628,1.0,0.8518518518518519,0.925925925925926
151446,0.8958333333333334,0.7708333333333334,0.9583333333333334,0.875,1.0,0.9166666666666666,0.9375
141303,0.875,1.0,1.0,1.0,1.0,0.875,0.75
80537,0.8181818181818182,1.0,1.0,0.9393939393939394,0.9393939393939394,0.8484848484848485,0.7575757575757576
64222,0.75,1.0,1.0,1.0,1.0,0.5,0.25
144747,0.75,1.0,1.0,0.8333333333333334,0.9166666666666666,0.75,0.8333333333333334
90900,0.8333333333333334,0.875,0.8333333333333334,0.9166666666666666,0.9583333333333334,0.8333333333333334,1.0
176267,0.5517241379310345,1.0,1.0,1.0,1.0,0.27586206896551724,0.8275862068965517
202106,0.5,1.0,1.0,1.0,1.0,0.0,1.0
39182,0.8636363636363636,0.8636363636363636,1.0,0.8863636363636364,0.9772727272727272,0.9090909090909092,0.9318181818181818
181798,1.0,1.0,1.0,1.0,1.0,0.3333333333333333,0.5
77055,0.7272727272727273,0.8181818181818182,0.9090909090909092,0.5454545454545454,0.9090909090909092,0.8181818181818182,0.9090909090909092
159945,0.6153846153846154,1.0,1.0,0.9230769230769232,0.7692307692307693,0.7692307692307693,0.6153846153846154
114502,0.8965517241379308,0.8965517241379308,0.9310344827586208,1.0,0.9655172413793104,0.9310344827586208,0.8620689655172413
121210,0.9692307692307692,0.7538461538461538,0.9692307692307692,0.9230769230769232,0.9384615384615383,0.953846153846154,0.9384615384615383
141697,0.8888888888888888,1.0,1.0,0.9629629629629628,1.0,0.8148148148148148,0.8148148148148148
103850,0.8787878787878788,0.8787878787878788,0.9696969696969696,0.9393939393939394,0.9393939393939394,0.9393939393939394,0.8787878787878788
155422,0.9411764705882352,0.8823529411764706,1.0,0.8823529411764706,1.0,0.9411764705882352,1.0
177525,0.8333333333333334,1.0,0.8333333333333334,0.6666666666666666,0.6666666666666666,0.8333333333333334,1.0
97327,0.7727272727272727,1.0,0.9772727272727272,1.0,1.0,0.8863636363636364,0.75
199930,0.8571428571428571,1.0,0.5714285714285714,1.0,1.0,0.42857142857142855,0.42857142857142855
53846,0.8444444444444444,1.0,1.0,0.8888888888888888,0.9777777777777776,0.15555555555555556,0.8222222222222222
49991,0.8666666666666667,1.0,1.0,1.0,1.0,0.8,0.7333333333333333
76828,0.8888888888888888,0.9444444444444444,1.0,0.8888888888888888,0.6666666666666666,0.8888888888888888,0.05555555555555555
173310,0.75,1.0,0.9722222222222222,1.0,1.0,0.6944444444444444,0.6944444444444444
195254,0.9066666666666666,0.96,1.0,0.9866666666666668,0.96,0.9466666666666668,0.92
25287,0.6666666666666666,1.0,1.0,1.0,1.0,0.6666666666666666,0.3333333333333333
172907,0.9615384615384616,1.0,0.9615384615384616,1.0,0.9615384615384616,0.8076923076923077,0.9230769230769232
57237,0.7,1.0,1.0,0.9,0.8,0.2,0.5
115211,0.7058823529411765,0.7647058823529411,0.8823529411764706,0.9411764705882352,0.5882352941176471,0.7647058823529411,0.8823529411764706
170979,0.7777777777777778,1.0,1.0,1.0,0.8888888888888888,0.7777777777777778,0.7777777777777778
171205,0.8148148148148148,1.0,1.0,1.0,1.0,0.9629629629629628,0.7777777777777778
11042,0.7,1.0,1.0,1.0,1.0,0.5,0.6666666666666666
164920,0.7142857142857143,0.9047619047619048,0.9047619047619048,0.8571428571428571,0.9523809523809524,0.8571428571428571,0.9047619047619048
169237,1.0,1.0,1.0,1.0,0.9090909090909092,0.4545454545454545,0.4545454545454545
73491,0.7894736842105263,0.9736842105263158,0.9473684210526316,1.0,1.0,0.8947368421052632,0.8421052631578947
112217,0.5,1.0,1.0,1.0,1.0,0.5,0.75
16984,0.7142857142857143,1.0,1.0,1.0,1.0,0.42857142857142855,0.42857142857142855
6199,0.7333333333333333,1.0,1.0,1.0,1.0,0.3333333333333333,0.7333333333333333
115546,0.8235294117647058,0.7058823529411765,1.0,0.7058823529411765,0.8823529411764706,0.9411764705882352,0.9411764705882352
34617,0.8275862068965517,0.8965517241379308,1.0,0.9655172413793104,1.0,0.8965517241379308,0.8965517241379308
191072,0.8333333333333334,1.0,1.0,1.0,1.0,0.3333333333333333,0.8333333333333334
4341,0.4444444444444444,0.7777777777777778,0.7777777777777778,0.7777777777777778,0.7777777777777778,0.7777777777777778,0.3333333333333333
145961,0.9285714285714286,0.6785714285714286,0.8571428571428571,0.8928571428571429,0.9642857142857144,0.8928571428571429,0.8928571428571429
10089,0.875,1.0,1.0,1.0,1.0,0.375,0.75
89348,0.7307692307692307,0.9230769230769232,0.7307692307692307,1.0,0.9615384615384616,0.8076923076923077,0.3461538461538461
165563,0.85,1.0,1.0,1.0,0.95,0.95,0.9
102582,0.4761904761904762,0.9047619047619048,1.0,0.9523809523809524,0.9047619047619048,0.047619047619047616,0.6666666666666666
69238,1.0,1.0,1.0,1.0,0.8888888888888888,0.8888888888888888,1.0
21251,0.9189189189189191,0.7837837837837838,0.8648648648648649,0.8918918918918919,0.945945945945946,0.8918918918918919,0.08108108108108109
8088,0.8333333333333334,1.0,1.0,1.0,0.8333333333333334,0.08333333333333333,0.8333333333333334
203871,0.8,1.0,1.0,1.0,1.0,0.6,0.6
18002,0.5,1.0,0.9,0.9,0.8,0.7,0.3
17959,0.76,1.0,0.96,1.0,1.0,0.84,0.84
16827,0.75,1.0,1.0,1.0,1.0,0.25,0.75
