uids,Acc. with dow,Acc. with dspo,Acc. with hod,Acc. with num
183213,1.0,0.8888888888888888,0.8888888888888888,0.8888888888888888
51522,0.8378378378378378,0.8648648648648649,0.8378378378378378,0.8918918918918919
106239,0.8695652173913043,0.8260869565217391,0.9130434782608696,0.8695652173913043
9082,0.9354838709677421,0.967741935483871,0.8870967741935484,0.7419354838709677
140560,0.3793103448275862,0.5517241379310345,0.4827586206896552,0.5517241379310345
100814,1.0,0.75,1.0,0.75
154365,0.875,0.8541666666666666,0.8125,0.6875
94588,0.8421052631578947,0.8245614035087719,0.7017543859649122,0.7894736842105263
56744,0.975609756097561,0.8536585365853658,0.8780487804878049,0.7804878048780488
142367,0.7142857142857143,0.5,0.6428571428571429,0.2857142857142857
96873,1.0,0.9166666666666666,0.75,0.9166666666666666
6628,0.8181818181818182,0.6363636363636364,0.5454545454545454,0.4545454545454545
50123,0.8421052631578947,0.5789473684210527,0.5263157894736842,0.4736842105263158
108117,0.8333333333333334,0.3333333333333333,0.8333333333333334,0.6666666666666666
158954,0.8,0.9,0.8,1.0
62410,0.6923076923076923,0.6923076923076923,0.7692307692307693,0.6923076923076923
7332,0.8888888888888888,0.5555555555555556,0.7222222222222222,0.7777777777777778
162675,0.8285714285714286,0.7428571428571429,0.8,0.6285714285714286
89979,0.7272727272727273,0.4545454545454545,0.9090909090909092,0.8181818181818182
117550,0.0,0.0,0.0,1.0
172652,0.6923076923076923,0.9230769230769232,0.6923076923076923,0.6153846153846154
150603,0.8620689655172413,0.9655172413793104,0.8620689655172413,0.7931034482758621
63727,0.9545454545454546,0.8636363636363636,0.9545454545454546,0.8181818181818182
136381,0.8666666666666667,0.8666666666666667,0.7333333333333333,0.8
184481,0.8571428571428571,0.8571428571428571,1.0,0.9523809523809524
41598,0.6666666666666666,0.6666666666666666,0.6666666666666666,0.6666666666666666
174128,0.9,0.8,0.8,0.85
26096,0.8888888888888888,0.7777777777777778,0.8888888888888888,0.8888888888888888
187647,1.0,1.0,1.0,1.0
54700,0.9090909090909092,0.7878787878787878,0.7575757575757576,0.696969696969697
74869,0.6190476190476191,0.7619047619047619,0.8095238095238095,0.8571428571428571
92686,0.6060606060606061,0.696969696969697,0.7878787878787878,0.7272727272727273
155635,0.9354838709677421,0.7419354838709677,0.9032258064516128,0.4838709677419355
119416,0.8292682926829268,0.7560975609756098,0.7804878048780488,0.7317073170731707
76795,1.0,0.7142857142857143,0.8571428571428571,1.0
35137,0.75,0.5,0.6666666666666666,0.5833333333333334
187464,0.7058823529411765,0.5882352941176471,0.8823529411764706,0.7647058823529411
46852,0.8103448275862069,0.8965517241379308,0.8103448275862069,0.7241379310344828
160684,0.9411764705882352,0.8823529411764706,0.8235294117647058,0.7058823529411765
174175,1.0,0.9722222222222222,0.9444444444444444,0.9166666666666666
159509,1.0,0.9090909090909092,0.7272727272727273,0.8181818181818182
194586,0.7,0.7,0.4,0.7
94909,0.7894736842105263,0.6842105263157895,0.7368421052631579,0.7894736842105263
168326,0.6428571428571429,0.6428571428571429,0.6428571428571429,0.9285714285714286
105357,0.6875,0.84375,0.5625,0.78125
32783,0.75,0.625,0.875,0.75
135770,0.8947368421052632,0.8947368421052632,0.7894736842105263,0.6842105263157895
14832,0.25,0.5,0.75,0.5
2531,0.813953488372093,0.9302325581395348,0.813953488372093,0.7674418604651163
123021,1.0,0.6666666666666666,0.3333333333333333,0.3333333333333333
122101,0.8181818181818182,0.8181818181818182,0.7954545454545454,0.8181818181818182
144697,0.9310344827586208,0.9655172413793104,0.8275862068965517,0.6896551724137931
134175,0.7692307692307693,0.6923076923076923,0.4615384615384616,0.9230769230769232
42375,0.75,0.875,0.625,0.125
18480,0.75,0.75,0.6875,0.4375
6595,0.9333333333333332,0.9333333333333332,0.7333333333333333,1.0
48116,0.7647058823529411,0.8823529411764706,0.8823529411764706,0.5882352941176471
114398,0.8684210526315791,0.631578947368421,0.8157894736842105,0.6842105263157895
38886,0.8888888888888888,1.0,0.6666666666666666,0.8888888888888888
78063,0.6428571428571429,0.7857142857142857,0.5,0.5714285714285714
17279,0.6666666666666666,0.5,0.8333333333333334,0.3333333333333333
200783,0.5625,0.71875,0.8125,0.6875
193015,0.6511627906976745,0.6976744186046512,0.6976744186046512,0.6976744186046512
72609,0.7222222222222222,1.0,0.7777777777777778,0.8888888888888888
123959,0.7796610169491526,0.8135593220338984,0.7457627118644068,0.6949152542372882
143449,0.95,0.8,0.9,0.9
166429,0.4761904761904762,0.5238095238095238,0.3333333333333333,0.6666666666666666
18205,0.8666666666666667,0.8666666666666667,0.9111111111111112,0.8222222222222222
17219,0.6666666666666666,0.8888888888888888,0.5555555555555556,0.7777777777777778
52185,0.7096774193548387,0.935483870967742,0.6451612903225806,0.6774193548387096
109530,0.7272727272727273,0.6818181818181818,0.8181818181818182,0.7272727272727273
190029,0.32142857142857145,0.7857142857142857,0.7857142857142857,0.5714285714285714
131827,0.6,0.6666666666666666,0.5333333333333333,0.8
57945,0.75,0.625,0.625,0.5
26930,0.6666666666666666,0.5,0.5833333333333334,0.5
126406,0.6,0.4,0.4,0.8
167625,0.85,0.85,0.85,0.9
23301,0.8,0.8666666666666667,0.8,0.8
153365,0.6666666666666666,0.7333333333333333,0.4666666666666667,1.0
98016,0.8533333333333334,0.88,0.8133333333333334,0.8
138053,0.8571428571428571,0.6666666666666666,0.7142857142857143,0.5238095238095238
149718,0.8888888888888888,0.7777777777777778,0.8888888888888888,0.8888888888888888
175754,0.631578947368421,0.7368421052631579,0.631578947368421,0.5789473684210527
148713,0.6,0.6,0.5333333333333333,0.5333333333333333
49596,0.75,0.65,0.8,0.5
81828,0.942528735632184,0.9655172413793104,0.8390804597701149,0.8275862068965517
74591,0.7391304347826086,0.4782608695652174,0.5652173913043478,0.43478260869565216
148587,0.8571428571428571,0.35714285714285715,0.0,0.7857142857142857
76440,0.9523809523809524,0.7619047619047619,1.0,0.9523809523809524
177753,0.9444444444444444,0.8333333333333334,0.8333333333333334,1.0
92322,1.0,1.0,1.0,1.0
93381,0.6428571428571429,0.7142857142857143,0.5714285714285714,0.7857142857142857
12022,0.72,0.8,0.84,0.52
52302,0.7906976744186046,0.8372093023255814,0.813953488372093,0.8372093023255814
205118,0.7777777777777778,0.925925925925926,0.7037037037037037,0.925925925925926
28435,0.875,0.7916666666666666,0.5416666666666666,0.75
10457,0.5384615384615384,0.38461538461538464,0.6923076923076923,0.6923076923076923
145449,0.75,0.5,0.75,0.75
60752,0.6153846153846154,0.5384615384615384,0.6923076923076923,0.7692307692307693
153940,0.7692307692307693,0.7692307692307693,0.8461538461538461,0.6923076923076923
139010,0.16666666666666666,0.8333333333333334,1.0,0.3333333333333333
78123,0.6666666666666666,0.7777777777777778,0.5555555555555556,0.7777777777777778
168185,1.0,1.0,1.0,1.0
150831,0.75,0.75,0.5,0.5
171994,0.6333333333333333,0.5333333333333333,0.6,0.8
127706,0.9375,0.875,0.8125,0.9375
189615,0.5,0.5,1.0,1.0
62940,1.0,0.6666666666666666,1.0,1.0
93690,0.8965517241379308,0.8620689655172413,0.8620689655172413,0.7586206896551724
182952,0.8928571428571429,0.7857142857142857,0.75,0.5357142857142857
87614,0.3461538461538461,0.6538461538461539,0.7307692307692307,0.7307692307692307
109899,0.9333333333333332,0.9333333333333332,0.8,0.6
86960,0.6375,0.8375,0.7,0.8
99100,0.9,0.8,0.9,0.7
204156,1.0,0.375,1.0,1.0
64639,0.7692307692307693,0.8846153846153846,0.6153846153846154,0.6923076923076923
72120,0.75,0.4375,0.75,0.4375
150579,0.7090909090909091,0.8181818181818182,0.7090909090909091,0.7636363636363637
88526,0.9090909090909092,0.9090909090909092,0.5454545454545454,0.4545454545454545
80006,0.813953488372093,0.7209302325581395,0.7441860465116279,0.6976744186046512
180953,0.6666666666666666,0.16666666666666666,0.5,0.6666666666666666
204122,0.7586206896551724,0.6551724137931034,0.6551724137931034,0.7241379310344828
113527,0.8888888888888888,0.8333333333333334,0.8333333333333334,0.7222222222222222
195625,0.42857142857142855,0.5714285714285714,0.7142857142857143,0.6428571428571429
171523,0.8260869565217391,0.8260869565217391,0.7826086956521741,0.6521739130434783
193386,1.0,0.5,1.0,1.0
92234,0.7692307692307693,0.8205128205128205,0.5897435897435898,0.8205128205128205
194951,0.78125,0.7395833333333334,0.6354166666666666,0.7291666666666666
29295,0.6363636363636364,0.4545454545454545,0.7272727272727273,0.3636363636363637
103069,0.8421052631578947,0.7368421052631579,0.4736842105263158,0.8947368421052632
79146,0.4,0.4,0.0,0.6
35945,0.5,0.9090909090909092,0.7727272727272727,0.8636363636363636
32622,0.6666666666666666,0.7222222222222222,0.7777777777777778,0.6111111111111112
36628,0.7222222222222222,0.6944444444444444,0.75,0.5277777777777778
128404,0.9285714285714286,0.8571428571428571,1.0,0.8571428571428571
32723,0.7619047619047619,0.6666666666666666,0.8095238095238095,0.7619047619047619
134847,0.9166666666666666,0.7833333333333333,0.75,0.8333333333333334
13225,0.7575757575757576,0.7272727272727273,0.6666666666666666,0.696969696969697
35127,1.0,0.75,1.0,1.0
80811,0.9272727272727272,0.9272727272727272,0.8727272727272727,0.8181818181818182
192273,0.5555555555555556,0.7777777777777778,1.0,0.7777777777777778
138163,0.5,0.7631578947368421,0.6842105263157895,0.7894736842105263
70761,0.8333333333333334,0.3333333333333333,0.6666666666666666,0.5
32861,0.43478260869565216,0.6956521739130435,0.7391304347826086,0.5652173913043478
64490,0.6,0.6,0.6,1.0
194186,0.4,0.13333333333333333,0.4666666666666667,0.4666666666666667
130484,0.8571428571428571,0.7142857142857143,0.7142857142857143,0.8571428571428571
72281,0.7931034482758621,0.5862068965517241,0.6206896551724138,0.5517241379310345
23122,0.6956521739130435,0.7826086956521741,0.7391304347826086,0.7391304347826086
124534,0.8648648648648649,0.8378378378378378,0.7567567567567568,0.7837837837837838
41217,0.6428571428571429,0.7142857142857143,0.5,0.7857142857142857
141859,0.8888888888888888,0.4444444444444444,0.8888888888888888,0.8888888888888888
13899,0.7,0.8,0.2,0.5
159753,0.95,0.9333333333333332,0.8666666666666667,0.8333333333333334
125229,0.9166666666666666,0.8055555555555556,0.75,0.5833333333333334
201625,0.7333333333333333,0.6666666666666666,0.6666666666666666,0.9333333333333332
188177,0.9130434782608696,0.8695652173913043,0.9130434782608696,0.9130434782608696
114768,0.9333333333333332,0.8,1.0,0.8666666666666667
172163,0.8888888888888888,0.7777777777777778,0.8888888888888888,0.5555555555555556
41152,0.7777777777777778,0.6666666666666666,0.6666666666666666,0.3333333333333333
82007,0.6666666666666666,0.7179487179487181,0.6923076923076923,0.7179487179487181
202071,0.6428571428571429,0.9285714285714286,0.8571428571428571,0.9285714285714286
137560,0.9230769230769232,0.6923076923076923,0.7692307692307693,0.6153846153846154
95696,0.875,0.75,0.875,0.875
140806,0.8333333333333334,0.8833333333333333,0.85,0.8333333333333334
48342,0.4444444444444444,0.7777777777777778,0.8333333333333334,0.6666666666666666
192496,0.6,0.6,0.4,0.4
49520,1.0,1.0,1.0,1.0
129414,0.5555555555555556,0.6111111111111112,0.2222222222222222,0.4444444444444444
189231,0.8571428571428571,0.14285714285714285,0.5714285714285714,0.7142857142857143
127892,0.7179487179487181,0.7948717948717948,0.7948717948717948,0.6666666666666666
193179,0.9230769230769232,0.8461538461538461,0.7692307692307693,0.7692307692307693
51525,0.8333333333333334,0.5,0.8333333333333334,0.8333333333333334
90184,0.9230769230769232,0.9423076923076924,0.9230769230769232,0.8846153846153846
105076,0.8333333333333334,0.75,0.9166666666666666,0.5833333333333334
58973,0.9215686274509804,0.8039215686274509,0.6274509803921569,0.8627450980392157
17502,0.8571428571428571,0.7142857142857143,0.35714285714285715,0.8571428571428571
137773,0.6666666666666666,0.4444444444444444,0.4444444444444444,0.5555555555555556
81872,0.4117647058823529,0.5294117647058824,0.35294117647058826,0.5882352941176471
130883,0.5,0.8,1.0,0.9
163952,0.8571428571428571,1.0,1.0,0.8571428571428571
100415,0.8965517241379308,0.6206896551724138,0.5862068965517241,0.7241379310344828
108054,1.0,1.0,1.0,0.8888888888888888
198990,0.9344262295081968,0.9508196721311476,0.8688524590163934,0.8688524590163934
94580,0.7209302325581395,0.7906976744186046,0.7906976744186046,0.7209302325581395
187941,0.7142857142857143,0.8571428571428571,1.0,0.8571428571428571
13325,0.8235294117647058,0.4117647058823529,0.9411764705882352,0.5882352941176471
20963,0.6666666666666666,0.4444444444444444,0.5555555555555556,0.4444444444444444
149037,0.6666666666666666,0.6666666666666666,0.6666666666666666,0.5
68735,0.7333333333333333,0.5333333333333333,0.7333333333333333,0.7333333333333333
81339,1.0,0.75,0.5,0.25
72119,0.875,0.8125,0.75,0.6875
11307,0.7619047619047619,0.8253968253968254,0.8412698412698413,0.8571428571428571
135613,0.7,0.5,0.6,0.6
88872,0.8235294117647058,0.5882352941176471,0.6470588235294118,0.7647058823529411
106267,0.8181818181818182,0.7727272727272727,0.8409090909090909,0.8863636363636364
28334,0.6666666666666666,0.7272727272727273,0.696969696969697,0.8484848484848485
49860,0.7647058823529411,0.6470588235294118,0.8235294117647058,0.9411764705882352
191324,0.7916666666666666,0.7916666666666666,0.75,0.9166666666666666
165983,0.9545454545454546,0.6818181818181818,0.7272727272727273,0.7727272727272727
130493,0.6666666666666666,0.3333333333333333,0.3333333333333333,0.3333333333333333
134297,0.7,0.5,0.8,0.8
87309,0.5,0.8181818181818182,0.5,0.6818181818181818
195322,0.9555555555555556,0.6888888888888889,0.8888888888888888,0.8888888888888888
148382,0.8333333333333334,0.4166666666666667,0.3333333333333333,0.5
172843,0.5555555555555556,0.7777777777777778,0.8888888888888888,0.4444444444444444
199852,0.6153846153846154,0.6153846153846154,0.3076923076923077,0.7692307692307693
36762,0.5,0.6818181818181818,0.6818181818181818,0.6363636363636364
3224,0.5384615384615384,0.6923076923076923,0.5384615384615384,0.4615384615384616
73996,0.7857142857142857,0.9285714285714286,0.7142857142857143,0.8571428571428571
143685,0.75,0.25,0.75,0.5
131498,0.9722222222222222,0.9166666666666666,0.8611111111111112,0.8055555555555556
99618,0.5588235294117647,0.7352941176470589,0.6764705882352942,0.7352941176470589
58546,0.7142857142857143,0.7142857142857143,0.7142857142857143,0.7142857142857143
203763,0.75,0.625,0.75,0.75
132729,0.875,0.875,0.7916666666666666,0.6666666666666666
46012,0.9107142857142856,0.7857142857142857,0.8214285714285714,0.7857142857142857
4401,0.8461538461538461,0.5384615384615384,0.8461538461538461,0.8461538461538461
16350,0.75,1.0,0.75,1.0
154277,0.75,0.25,0.0,0.25
14192,0.8947368421052632,0.8157894736842105,0.9736842105263158,0.6052631578947368
2353,0.6,0.8,1.0,0.4
163277,1.0,1.0,1.0,1.0
118979,0.7777777777777778,0.7777777777777778,0.7777777777777778,0.6666666666666666
42296,0.6,0.2,0.8,0.6
137929,1.0,0.25,0.75,1.0
6845,0.5714285714285714,0.7857142857142857,0.5,0.7857142857142857
90097,0.875,0.75,1.0,1.0
91845,0.8888888888888888,0.7777777777777778,0.8888888888888888,0.5555555555555556
142340,0.8666666666666667,0.6666666666666666,0.6666666666666666,0.8
195072,1.0,0.5714285714285714,0.8571428571428571,0.5714285714285714
170280,0.7346938775510204,0.7959183673469388,0.8571428571428571,0.7959183673469388
54853,0.6875,0.625,0.375,0.75
86480,0.8048780487804879,0.8292682926829268,0.7560975609756098,0.6585365853658537
16868,0.88,0.76,0.92,0.92
24389,1.0,0.9230769230769232,0.8846153846153846,0.6923076923076923
10086,1.0,0.14285714285714285,1.0,0.8571428571428571
77746,0.9615384615384616,0.8846153846153846,0.9615384615384616,0.8076923076923077
87649,0.8125,0.875,0.8125,0.8125
151165,0.8571428571428571,0.8571428571428571,0.8571428571428571,0.8571428571428571
141885,0.7,0.65,0.5,0.9
142505,0.6666666666666666,0.2222222222222222,0.5555555555555556,0.8888888888888888
1397,0.8181818181818182,0.8181818181818182,0.9090909090909092,0.9090909090909092
751,0.25,0.5,0.25,0.25
124140,0.8333333333333334,0.6666666666666666,0.6666666666666666,0.6666666666666666
55864,0.16666666666666666,0.9166666666666666,0.5,0.25
5499,0.8666666666666667,0.6666666666666666,0.6,0.7333333333333333
4696,0.7777777777777778,0.8333333333333334,0.6666666666666666,0.7222222222222222
125242,0.625,0.75,0.75,0.5
80925,0.5714285714285714,0.5714285714285714,0.7142857142857143,0.5714285714285714
42767,0.5714285714285714,0.2857142857142857,0.14285714285714285,0.2857142857142857
68407,0.8115942028985508,0.8260869565217391,0.8405797101449275,0.8405797101449275
37234,0.25,0.75,0.5,1.0
127074,0.75,0.625,0.4375,0.625
197394,0.9487179487179488,0.9743589743589745,0.9743589743589745,0.7948717948717948
166851,0.7777777777777778,0.7777777777777778,0.8333333333333334,0.7222222222222222
188067,0.8529411764705882,0.9705882352941176,0.7647058823529411,0.7941176470588235
6151,0.5,0.8571428571428571,0.8571428571428571,0.8571428571428571
69675,0.8867924528301887,0.8867924528301887,0.6415094339622641,0.7924528301886793
195166,0.8666666666666667,0.6666666666666666,0.4666666666666667,0.6666666666666666
49838,0.45,0.45,0.45,0.6
54512,0.59375,0.96875,0.96875,0.90625
105229,0.8571428571428571,0.6428571428571429,0.6428571428571429,0.7857142857142857
135926,0.6363636363636364,0.4090909090909091,0.6363636363636364,0.4090909090909091
91157,0.75,0.25,0.5,0.75
16145,0.875,0.6875,0.9375,0.625
51708,1.0,0.0,1.0,1.0
115761,0.7560975609756098,0.8048780487804879,0.7804878048780488,0.6585365853658537
99928,0.9523809523809524,1.0,0.8095238095238095,0.9047619047619048
135510,0.8181818181818182,0.9090909090909092,0.7272727272727273,1.0
108659,0.7272727272727273,0.8181818181818182,0.8181818181818182,0.7272727272727273
119613,0.8571428571428571,0.42857142857142855,0.7142857142857143,0.2857142857142857
193736,0.85,0.9,0.6,0.65
50813,0.7391304347826086,0.7826086956521741,0.6086956521739131,0.7826086956521741
193868,0.6909090909090909,0.8,0.8181818181818182,0.8363636363636363
46974,0.6388888888888888,0.6111111111111112,0.7222222222222222,0.5277777777777778
196025,0.75,0.6,0.95,0.8
82734,0.8636363636363636,0.6818181818181818,0.6363636363636364,0.7727272727272727
38449,0.6363636363636364,0.7272727272727273,0.4545454545454545,0.7272727272727273
5013,0.5,0.75,0.75,0.75
205149,0.6923076923076923,0.6923076923076923,0.6153846153846154,0.9230769230769232
205181,0.9130434782608696,0.8695652173913043,1.0,0.9130434782608696
197657,0.875,0.875,0.8333333333333334,0.5833333333333334
118816,0.9655172413793104,0.8275862068965517,0.9310344827586208,0.7931034482758621
206184,1.0,1.0,0.9090909090909092,0.9090909090909092
62051,0.6,0.6,0.8,0.8
74800,0.8888888888888888,0.9629629629629628,0.925925925925926,0.9074074074074074
14569,0.75,0.9166666666666666,0.75,0.9166666666666666
186704,0.8782608695652174,0.8869565217391304,0.8173913043478261,0.7652173913043478
158846,0.75,0.8333333333333334,0.5833333333333334,0.75
166794,0.8461538461538461,0.8461538461538461,0.6923076923076923,0.8461538461538461
186866,0.8421052631578947,0.8947368421052632,0.9473684210526316,0.8421052631578947
156622,0.5,0.6666666666666666,0.6666666666666666,0.75
187072,0.9444444444444444,0.5,0.7222222222222222,0.9444444444444444
109843,0.6666666666666666,0.6666666666666666,0.6666666666666666,0.8333333333333334
4836,0.6,0.6,0.6,0.5333333333333333
17925,0.5,0.5,0.0,0.5
141967,0.8666666666666667,0.6666666666666666,0.8666666666666667,0.6666666666666666
168110,0.9473684210526316,1.0,0.8947368421052632,0.8947368421052632
87302,0.6,0.4,0.5333333333333333,0.4
182990,0.7142857142857143,0.35714285714285715,0.5,0.35714285714285715
1665,0.9615384615384616,0.6923076923076923,0.7692307692307693,0.5769230769230769
109778,0.8205128205128205,0.9487179487179488,0.6923076923076923,0.6666666666666666
112920,0.8333333333333334,0.7777777777777778,0.6666666666666666,0.7777777777777778
142603,0.945945945945946,0.9189189189189191,0.7837837837837838,0.7567567567567568
81423,1.0,1.0,0.6666666666666666,0.6666666666666666
3953,1.0,0.6363636363636364,1.0,0.6363636363636364
109345,0.7777777777777778,0.6296296296296297,0.7037037037037037,0.7037037037037037
25085,0.9705882352941176,0.9705882352941176,0.8823529411764706,0.7352941176470589
6240,0.6538461538461539,0.5769230769230769,0.6538461538461539,0.7307692307692307
121551,0.5862068965517241,0.7931034482758621,0.7586206896551724,0.7241379310344828
182104,0.7058823529411765,0.7058823529411765,0.7647058823529411,0.7058823529411765
51882,0.5,0.25,0.4375,0.625
50633,0.3333333333333333,1.0,0.6666666666666666,1.0
133228,0.5384615384615384,0.6923076923076923,0.6153846153846154,0.9230769230769232
120650,0.8571428571428571,0.42857142857142855,0.0,0.14285714285714285
143954,0.75,0.7916666666666666,0.5416666666666666,0.7916666666666666
101866,0.5,0.5714285714285714,0.9285714285714286,0.6428571428571429
31614,0.4666666666666667,0.7333333333333333,0.6666666666666666,0.6666666666666666
49614,0.84,0.76,0.8,0.84
11825,0.42857142857142855,0.5714285714285714,0.42857142857142855,0.7142857142857143
167245,0.7619047619047619,0.6666666666666666,0.6666666666666666,0.5714285714285714
24645,1.0,0.4444444444444444,0.0,0.8888888888888888
193064,1.0,1.0,1.0,0.7142857142857143
172582,0.4166666666666667,0.8333333333333334,0.5,0.9166666666666666
104965,0.6666666666666666,0.6666666666666666,0.3333333333333333,0.8333333333333334
191587,0.6785714285714286,0.75,0.6785714285714286,0.6428571428571429
39525,0.8823529411764706,0.7058823529411765,0.7058823529411765,0.5294117647058824
114842,0.4444444444444444,0.7777777777777778,0.7222222222222222,0.4444444444444444
182466,0.8571428571428571,0.9047619047619048,0.9523809523809524,0.7619047619047619
61967,0.75,0.6666666666666666,0.8333333333333334,0.8333333333333334
161730,0.8043478260869565,0.7826086956521741,0.7826086956521741,0.6956521739130435
123375,0.6666666666666666,0.6666666666666666,0.6666666666666666,0.3333333333333333
89568,0.9016393442622952,0.9508196721311476,0.8360655737704918,0.9016393442622952
85597,1.0,0.6666666666666666,1.0,1.0
122107,0.75,0.5833333333333334,0.9166666666666666,1.0
48182,0.7619047619047619,0.7142857142857143,0.7142857142857143,0.7619047619047619
106200,0.7333333333333333,0.8,0.8,0.8666666666666667
71876,0.9387755102040816,0.8163265306122449,0.8571428571428571,0.9183673469387756
153751,0.7826086956521741,0.8260869565217391,0.8260869565217391,0.9130434782608696
170599,0.5333333333333333,0.9333333333333332,0.8666666666666667,0.7333333333333333
161169,0.5714285714285714,0.7142857142857143,0.8571428571428571,0.8571428571428571
143375,1.0,0.25,1.0,1.0
110074,0.8333333333333334,1.0,0.8333333333333334,0.8333333333333334
97606,0.9,0.4,0.5,0.5
30076,0.8333333333333334,0.8333333333333334,0.8333333333333334,0.75
23147,0.8,0.8,1.0,1.0
61762,0.7727272727272727,0.8636363636363636,0.7272727272727273,0.7272727272727273
11451,0.7692307692307693,0.7307692307692307,0.6538461538461539,0.8461538461538461
123920,0.8333333333333334,0.7666666666666667,0.6333333333333333,0.8
144957,0.8,0.9,0.9,1.0
24092,1.0,0.8333333333333334,1.0,0.6666666666666666
59447,0.7368421052631579,0.7368421052631579,0.8947368421052632,0.7368421052631579
198685,0.7222222222222222,0.5555555555555556,0.7222222222222222,0.7777777777777778
189641,0.8888888888888888,0.8888888888888888,0.8888888888888888,0.7777777777777778
204522,0.8333333333333334,0.7222222222222222,0.8055555555555556,0.8055555555555556
16877,0.7647058823529411,0.7647058823529411,0.4705882352941176,0.7058823529411765
119886,1.0,0.8333333333333334,1.0,1.0
181224,0.7777777777777778,0.6666666666666666,0.6666666666666666,0.4444444444444444
22080,0.8333333333333334,0.8055555555555556,0.8611111111111112,0.7222222222222222
188594,0.6666666666666666,0.6666666666666666,0.3333333333333333,0.5
108132,0.16666666666666666,0.5,0.8333333333333334,0.5
97784,1.0,0.75,0.75,0.9166666666666666
1407,0.3333333333333333,0.6666666666666666,0.3333333333333333,0.0
44740,0.7419354838709677,0.7741935483870968,0.5806451612903226,0.8709677419354839
202615,0.9166666666666666,0.9166666666666666,0.9166666666666666,0.8333333333333334
56148,0.4545454545454545,0.2727272727272727,0.9090909090909092,0.6363636363636364
202904,0.3333333333333333,0.0,0.5,0.5
61422,0.85,0.95,0.95,0.6
7403,0.5625,0.625,0.3125,0.6875
57882,0.8181818181818182,0.5454545454545454,0.4545454545454545,0.3636363636363637
75400,0.8392857142857143,0.7857142857142857,0.8035714285714286,0.7321428571428571
133358,0.625,0.375,0.375,0.5
115120,0.9285714285714286,0.5714285714285714,0.9285714285714286,0.7857142857142857
148305,0.8666666666666667,0.6666666666666666,0.9333333333333332,1.0
19027,0.9090909090909092,0.8181818181818182,0.9090909090909092,0.7272727272727273
81322,0.375,0.625,0.875,0.75
61584,0.75,0.5,0.5,0.5
126524,0.88,0.84,0.92,0.64
69674,1.0,1.0,1.0,1.0
30257,0.8421052631578947,0.631578947368421,0.4736842105263158,0.5263157894736842
200662,0.7368421052631579,0.6842105263157895,0.6842105263157895,0.6842105263157895
144675,0.8571428571428571,0.42857142857142855,0.5142857142857142,0.6285714285714286
12691,0.7142857142857143,0.5714285714285714,0.5714285714285714,0.7142857142857143
5788,0.7894736842105263,0.631578947368421,0.7894736842105263,0.7368421052631579
79060,0.8333333333333334,0.8888888888888888,0.8888888888888888,0.6111111111111112
76660,0.6666666666666666,0.6666666666666666,0.5,0.5
146060,0.5,0.5555555555555556,0.5555555555555556,0.8333333333333334
188740,0.7272727272727273,0.6363636363636364,0.3636363636363637,0.8181818181818182
150545,1.0,0.8333333333333334,0.8888888888888888,0.8333333333333334
152206,0.7241379310344828,0.7931034482758621,0.5172413793103449,0.7586206896551724
170878,1.0,1.0,0.6666666666666666,0.6666666666666666
204164,0.5,0.625,0.75,0.71875
141496,0.7058823529411765,0.6470588235294118,0.35294117647058826,0.7647058823529411
27249,1.0,1.0,1.0,1.0
110167,1.0,0.5714285714285714,1.0,1.0
23510,0.6875,0.25,0.6875,0.625
172828,0.8928571428571429,0.75,0.7142857142857143,0.8214285714285714
114428,0.7272727272727273,0.8181818181818182,0.6363636363636364,0.5454545454545454
167866,0.9565217391304348,0.6521739130434783,0.8260869565217391,0.8695652173913043
50514,0.5333333333333333,0.8,0.6333333333333333,0.7666666666666667
139387,0.7142857142857143,0.8571428571428571,0.7142857142857143,0.5714285714285714
128738,1.0,0.6,1.0,0.6
34737,0.9019607843137256,0.9019607843137256,0.8627450980392157,0.8431372549019608
43180,0.8695652173913043,0.7826086956521741,0.9565217391304348,0.7826086956521741
166880,0.8888888888888888,0.925925925925926,0.925925925925926,0.925925925925926
151446,0.8958333333333334,0.875,0.8125,0.75
141303,0.875,1.0,0.875,0.875
80537,0.696969696969697,0.5757575757575758,0.6666666666666666,0.696969696969697
64222,1.0,0.75,0.75,0.75
144747,0.5833333333333334,0.5833333333333334,0.8333333333333334,0.5833333333333334
95631,0.6,0.6,0.6,0.8
90900,0.75,0.7916666666666666,0.5416666666666666,0.6666666666666666
176267,0.8275862068965517,0.4482758620689655,0.4482758620689655,0.8275862068965517
202106,0.3333333333333333,1.0,0.5,0.5
39182,0.8636363636363636,0.8409090909090909,0.8863636363636364,0.8409090909090909
181798,1.0,0.8333333333333334,1.0,1.0
77055,0.2727272727272727,0.5454545454545454,0.5454545454545454,0.2727272727272727
159945,0.7692307692307693,0.9230769230769232,0.6153846153846154,0.6153846153846154
114502,0.8620689655172413,0.9655172413793104,0.7241379310344828,0.8965517241379308
121210,0.9692307692307692,0.9692307692307692,0.8615384615384616,0.7846153846153846
141697,0.8888888888888888,0.9629629629629628,0.8888888888888888,0.8518518518518519
103850,0.8181818181818182,0.8484848484848485,0.5151515151515151,0.7878787878787878
155422,0.8823529411764706,0.9411764705882352,0.8823529411764706,0.9411764705882352
97327,0.5909090909090909,0.8409090909090909,0.7045454545454546,0.7045454545454546
199930,0.5714285714285714,0.5714285714285714,0.8571428571428571,0.5714285714285714
53846,0.7777777777777778,0.7555555555555555,0.6666666666666666,0.7111111111111111
49991,0.7333333333333333,0.4666666666666667,0.7333333333333333,0.6
76828,0.8333333333333334,0.8888888888888888,0.9444444444444444,0.7777777777777778
173310,0.7222222222222222,0.6666666666666666,0.7777777777777778,0.4722222222222222
195254,0.88,0.88,0.9066666666666666,0.88
25287,0.6666666666666666,0.6666666666666666,0.8888888888888888,0.8888888888888888
172907,0.9615384615384616,0.8076923076923077,0.9230769230769232,0.8076923076923077
57237,0.7,0.4,0.8,0.5
115211,0.7647058823529411,0.7647058823529411,0.4705882352941176,0.7647058823529411
170979,0.7777777777777778,0.5555555555555556,0.7777777777777778,0.6666666666666666
171205,0.6296296296296297,0.6666666666666666,0.5925925925925926,0.8148148148148148
11042,0.8333333333333334,0.7333333333333333,0.6,0.6333333333333333
164920,0.8095238095238095,0.7619047619047619,0.7619047619047619,0.8095238095238095
169237,1.0,0.6363636363636364,1.0,0.9090909090909092
73491,0.7368421052631579,0.7105263157894737,0.7105263157894737,0.6052631578947368
112217,0.75,0.75,0.75,0.75
16984,0.7619047619047619,0.6190476190476191,0.3809523809523809,0.9523809523809524
6199,0.8666666666666667,0.8,0.5333333333333333,0.7333333333333333
115546,0.9411764705882352,0.9411764705882352,0.7647058823529411,0.5882352941176471
34617,0.7931034482758621,0.6896551724137931,0.8275862068965517,0.8620689655172413
191072,1.0,0.8333333333333334,1.0,1.0
4341,0.4444444444444444,0.5555555555555556,0.6666666666666666,0.7777777777777778
145961,0.8928571428571429,0.9285714285714286,0.8928571428571429,0.6428571428571429
10089,1.0,0.5,0.75,0.875
89348,0.5384615384615384,0.6153846153846154,0.6153846153846154,0.8076923076923077
165563,0.95,0.85,0.95,1.0
136965,0.3333333333333333,0.0,0.6666666666666666,0.3333333333333333
102582,0.3809523809523809,0.6666666666666666,0.6666666666666666,0.42857142857142855
69238,0.8888888888888888,1.0,1.0,0.7777777777777778
21251,0.8648648648648649,0.8648648648648649,0.7297297297297297,0.7567567567567568
8088,0.9166666666666666,0.9166666666666666,1.0,0.8333333333333334
69893,0.6666666666666666,0.7333333333333333,0.8,0.7333333333333333
203871,1.0,0.6,0.8,0.8
18002,0.6,0.4,0.9,0.9
17959,0.68,0.96,0.96,0.76
16827,1.0,1.0,0.75,0.5
